ID_XBXXZ	level_XBXXZ	name_XBXXZ	yield_XBXXZ	updata_XBXXZ	capcity_XBXXZ	time_XBXXZ	add_XBXXZ	servantlimit_XBXXZ	cost_XBXXZ
1	1	1级灵脉	0	900	90	15	1	1	10
2	2	2级灵脉	0	1800	180	30	1	1	10
3	3	3级灵脉	0	2700	270	45	1	1	10
4	4	4级灵脉	0	3600	360	60	1	1	10
5	5	5级灵脉	0	4500	450	75	1	1	10
6	6	6级灵脉	0	5400	540	90	1	1	10
7	7	7级灵脉	0	6300	630	105	1	1	10
8	8	8级灵脉	0	7200	720	120	1	1	10
9	9	9级灵脉	0	8100	810	135	1	1	10
10	10	10级灵脉	0	18000	1800	150	1	2	10
11	11	11级灵脉	0	19800	1980	165	1	2	10
12	12	12级灵脉	0	21600	2160	180	1	2	10
13	13	13级灵脉	0	23400	2340	195	1	2	10
14	14	14级灵脉	0	25200	2520	210	1	2	10
15	15	15级灵脉	0	27000	2700	225	1	2	10
16	16	16级灵脉	0	28800	2880	240	1	2	10
17	17	17级灵脉	0	30600	3060	255	1	2	10
18	18	18级灵脉	0	32400	3240	270	1	2	10
19	19	19级灵脉	0	34200	3420	285	1	2	10
20	20	20级灵脉	0	54000	5400	300	1	3	10
21	21	21级灵脉	0	56700	5670	315	1	3	10
22	22	22级灵脉	0	59400	5940	330	1	3	10
23	23	23级灵脉	0	62100	6210	345	1	3	10
24	24	24级灵脉	0	64800	6480	360	1	3	10
25	25	25级灵脉	0	67500	6750	375	1	3	10
26	26	26级灵脉	0	70200	7020	390	1	3	10
27	27	27级灵脉	0	72900	7290	405	1	3	10
28	28	28级灵脉	0	75600	7560	420	1	3	10
29	29	29级灵脉	0	78300	7830	435	1	3	10
30	30	30级灵脉	0	108000	10800	450	1	4	10
31	31	31级灵脉	0	111600	11160	465	1	4	10
32	32	32级灵脉	0	115200	11520	480	1	4	10
33	33	33级灵脉	0	118800	11880	495	1	4	10
34	34	34级灵脉	0	122400	12240	510	1	4	10
35	35	35级灵脉	0	126000	12600	525	1	4	10
36	36	36级灵脉	0	129600	12960	540	1	4	10
37	37	37级灵脉	0	133200	13320	555	1	4	10
38	38	38级灵脉	0	136800	13680	570	1	4	10
39	39	39级灵脉	0	140400	14040	585	1	4	10
40	40	40级灵脉	0	180000	18000	600	1	5	10
41	41	41级灵脉	0	184500	18450	615	1	5	10
42	42	42级灵脉	0	189000	18900	630	1	5	10
43	43	43级灵脉	0	193500	19350	645	1	5	10
44	44	44级灵脉	0	198000	19800	660	1	5	10
45	45	45级灵脉	0	202500	20250	675	1	5	10
46	46	46级灵脉	0	207000	20700	690	1	5	10
47	47	47级灵脉	0	211500	21150	705	1	5	10
48	48	48级灵脉	0	216000	21600	720	1	5	10
49	49	49级灵脉	0	220500	22050	735	1	5	10
50	50	50级灵脉	0	270000	27000	750	1	6	10
51	51	51级灵脉	0	275400	27540	765	1	6	10
52	52	52级灵脉	0	280800	28080	780	1	6	10
53	53	53级灵脉	0	286200	28620	795	1	6	10
54	54	54级灵脉	0	291600	29160	810	1	6	10
55	55	55级灵脉	0	297000	29700	825	1	6	10
56	56	56级灵脉	0	302400	30240	840	1	6	10
57	57	57级灵脉	0	307800	30780	855	1	6	10
58	58	58级灵脉	0	313200	31320	870	1	6	10
59	59	59级灵脉	0	318600	31860	885	1	6	10
60	60	60级灵脉	0	378000	37800	900	1	7	10
61	61	61级灵脉	0	384300	38430	915	1	7	10
62	62	62级灵脉	0	390600	39060	930	1	7	10
63	63	63级灵脉	0	396900	39690	945	1	7	10
64	64	64级灵脉	0	403200	40320	960	1	7	10
65	65	65级灵脉	0	409500	40950	975	1	7	10
66	66	66级灵脉	0	415800	41580	990	1	7	10
67	67	67级灵脉	0	422100	42210	1005	1	7	10
68	68	68级灵脉	0	428400	42840	1020	1	7	10
69	69	69级灵脉	0	434700	43470	1035	1	7	10
70	70	70级灵脉	0	504000	50400	1050	1	8	10
71	71	71级灵脉	0	511200	51120	1065	1	8	10
72	72	72级灵脉	0	518400	51840	1080	1	8	10
73	73	73级灵脉	0	525600	52560	1095	1	8	10
74	74	74级灵脉	0	532800	53280	1110	1	8	10
75	75	75级灵脉	0	540000	54000	1125	1	8	10
76	76	76级灵脉	0	547200	54720	1140	1	8	10
77	77	77级灵脉	0	554400	55440	1155	1	8	10
78	78	78级灵脉	0	561600	56160	1170	1	8	10
79	79	79级灵脉	0	568800	56880	1185	1	8	10
80	80	80级灵脉	0	648000	64800	1200	1	9	10
81	81	81级灵脉	0	656100	65610	1215	1	9	10
82	82	82级灵脉	0	664200	66420	1230	1	9	10
83	83	83级灵脉	0	672300	67230	1245	1	9	10
84	84	84级灵脉	0	680400	68040	1260	1	9	10
85	85	85级灵脉	0	688500	68850	1275	1	9	10
86	86	86级灵脉	0	696600	69660	1290	1	9	10
87	87	87级灵脉	0	704700	70470	1305	1	9	10
88	88	88级灵脉	0	712800	71280	1320	1	9	10
89	89	89级灵脉	0	720900	72090	1335	1	9	10
90	90	90级灵脉	0	810000	81000	1350	1	10	10
91	91	91级灵脉	0	819000	81900	1365	1	10	10
92	92	92级灵脉	0	828000	82800	1380	1	10	10
93	93	93级灵脉	0	837000	83700	1395	1	10	10
94	94	94级灵脉	0	846000	84600	1410	1	10	10
95	95	95级灵脉	0	855000	85500	1425	1	10	10
96	96	96级灵脉	0	864000	86400	1440	1	10	10
97	97	97级灵脉	0	873000	87300	1455	1	10	10
98	98	98级灵脉	0	882000	88200	1470	1	10	10
99	99	99级灵脉	0	891000	89100	1485	1	10	10
100	100	100级灵脉	0	900000	90000	1500	1	10	10
101	1	1级兽场	1	135	450	15	2	5	1
102	2	2级兽场	1	432	1440	30	2	8	1
103	3	3级兽场	1	891	2970	45	2	11	1
104	4	4级兽场	1	1512	5040	60	2	14	1
105	5	5级兽场	1	2295	7650	75	2	17	1
106	6	6级兽场	1	3240	10800	90	2	20	1
107	7	7级兽场	1	4347	14490	105	2	23	1
108	8	8级兽场	1	5616	18720	120	2	26	1
109	9	9级兽场	1	7047	23490	135	2	29	1
110	10	10级兽场	1	8640	28800	150	2	32	1
111	11	11级兽场	1	10395	34650	165	2	35	1
112	12	12级兽场	1	12312	41040	180	2	38	1
113	13	13级兽场	1	14391	47970	195	2	41	1
114	14	14级兽场	1	16632	55440	210	2	44	1
115	15	15级兽场	1	19035	63450	225	2	47	1
116	16	16级兽场	1	21600	72000	240	2	50	1
117	17	17级兽场	1	24327	81090	255	2	53	1
118	18	18级兽场	1	27216	90720	270	2	56	1
119	19	19级兽场	1	30267	100890	285	2	59	1
120	20	20级兽场	1	33480	111600	300	2	62	1
121	21	21级兽场	1	36855	122850	315	2	65	1
122	22	22级兽场	1	40392	134640	330	2	68	1
123	23	23级兽场	1	44091	146970	345	2	71	1
124	24	24级兽场	1	47952	159840	360	2	74	1
125	25	25级兽场	1	51975	173250	375	2	77	1
126	26	26级兽场	1	56160	187200	390	2	80	1
127	27	27级兽场	1	60507	201690	405	2	83	1
128	28	28级兽场	1	65016	216720	420	2	86	1
129	29	29级兽场	1	69687	232290	435	2	89	1
130	30	30级兽场	1	74520	248400	450	2	92	1
131	31	31级兽场	1	79515	265050	465	2	95	1
132	32	32级兽场	1	84672	282240	480	2	98	1
133	33	33级兽场	1	89991	299970	495	2	101	1
134	34	34级兽场	1	95472	318240	510	2	104	1
135	35	35级兽场	1	101115	337050	525	2	107	1
136	36	36级兽场	1	106920	356400	540	2	110	1
137	37	37级兽场	1	112887	376290	555	2	113	1
138	38	38级兽场	1	119016	396720	570	2	116	1
139	39	39级兽场	1	125307	417690	585	2	119	1
140	40	40级兽场	1	131760	439200	600	2	122	1
141	41	41级兽场	1	138375	461250	615	2	125	1
142	42	42级兽场	1	145152	483840	630	2	128	1
143	43	43级兽场	1	152091	506970	645	2	131	1
144	44	44级兽场	1	159192	530640	660	2	134	1
145	45	45级兽场	1	166455	554850	675	2	137	1
146	46	46级兽场	1	173880	579600	690	2	140	1
147	47	47级兽场	1	181467	604890	705	2	143	1
148	48	48级兽场	1	189216	630720	720	2	146	1
149	49	49级兽场	1	197127	657090	735	2	149	1
150	50	50级兽场	1	205200	684000	750	2	152	1
151	51	51级兽场	1	213435	711450	765	2	155	1
152	52	52级兽场	1	221832	739440	780	2	158	1
153	53	53级兽场	1	230391	767970	795	2	161	1
154	54	54级兽场	1	239112	797040	810	2	164	1
155	55	55级兽场	1	247995	826650	825	2	167	1
156	56	56级兽场	1	257040	856800	840	2	170	1
157	57	57级兽场	1	266247	887490	855	2	173	1
158	58	58级兽场	1	275616	918720	870	2	176	1
159	59	59级兽场	1	285147	950490	885	2	179	1
160	60	60级兽场	1	294840	982800	900	2	182	1
161	61	61级兽场	1	304695	1015650	915	2	185	1
162	62	62级兽场	1	314712	1049040	930	2	188	1
163	63	63级兽场	1	324891	1082970	945	2	191	1
164	64	64级兽场	1	335232	1117440	960	2	194	1
165	65	65级兽场	1	345735	1152450	975	2	197	1
166	66	66级兽场	1	356400	1188000	990	2	200	1
167	67	67级兽场	1	367227	1224090	1005	2	203	1
168	68	68级兽场	1	378216	1260720	1020	2	206	1
169	69	69级兽场	1	389367	1297890	1035	2	209	1
170	70	70级兽场	1	400680	1335600	1050	2	212	1
171	71	71级兽场	1	412155	1373850	1065	2	215	1
172	72	72级兽场	1	423792	1412640	1080	2	218	1
173	73	73级兽场	1	435591	1451970	1095	2	221	1
174	74	74级兽场	1	447552	1491840	1110	2	224	1
175	75	75级兽场	1	459675	1532250	1125	2	227	1
176	76	76级兽场	1	471960	1573200	1140	2	230	1
177	77	77级兽场	1	484407	1614690	1155	2	233	1
178	78	78级兽场	1	497016	1656720	1170	2	236	1
179	79	79级兽场	1	509787	1699290	1185	2	239	1
180	80	80级兽场	1	522720	1742400	1200	2	242	1
181	81	81级兽场	1	535815	1786050	1215	2	245	1
182	82	82级兽场	1	549072	1830240	1230	2	248	1
183	83	83级兽场	1	562491	1874970	1245	2	251	1
184	84	84级兽场	1	576072	1920240	1260	2	254	1
185	85	85级兽场	1	589815	1966050	1275	2	257	1
186	86	86级兽场	1	603720	2012400	1290	2	260	1
187	87	87级兽场	1	617787	2059290	1305	2	263	1
188	88	88级兽场	1	632016	2106720	1320	2	266	1
189	89	89级兽场	1	646407	2154690	1335	2	269	1
190	90	90级兽场	1	660960	2203200	1350	2	272	1
191	91	91级兽场	1	675675	2252250	1365	2	275	1
192	92	92级兽场	1	690552	2301840	1380	2	278	1
193	93	93级兽场	1	705591	2351970	1395	2	281	1
194	94	94级兽场	1	720792	2402640	1410	2	284	1
195	95	95级兽场	1	736155	2453850	1425	2	287	1
196	96	96级兽场	1	751680	2505600	1440	2	290	1
197	97	97级兽场	1	767367	2557890	1455	2	293	1
198	98	98级兽场	1	783216	2610720	1470	2	296	1
199	99	99级兽场	1	799227	2664090	1485	2	299	1
200	100	100级兽场	1	815400	2718000	1500	2	302	1
201	101	101级兽场	1	979965	2799900	1530	2	305	1
202	102	102级兽场	1	1009008	2882880	1560	2	308	1
203	103	103级兽场	1	1038429	2966940	1590	2	311	1
204	104	104级兽场	1	1068228	3052080	1620	2	314	1
205	105	105级兽场	1	1098405	3138300	1650	2	317	1
206	106	106级兽场	1	1128960	3225600	1680	2	320	1
207	107	107级兽场	1	1159893	3313980	1710	2	323	1
208	108	108级兽场	1	1191204	3403440	1740	2	326	1
209	109	109级兽场	1	1222893	3493980	1770	2	329	1
210	110	110级兽场	1	1254960	3585600	1800	2	332	1
211	111	111级兽场	1	1287405	3678300	1830	2	335	1
212	112	112级兽场	1	1320228	3772080	1860	2	338	1
213	113	113级兽场	1	1353429	3866940	1890	2	341	1
214	114	114级兽场	1	1387008	3962880	1920	2	344	1
215	115	115级兽场	1	1420965	4059900	1950	2	347	1
216	116	116级兽场	1	1455300	4158000	1980	2	350	1
217	117	117级兽场	1	1490013	4257180	2010	2	353	1
218	118	118级兽场	1	1525104	4357440	2040	2	356	1
219	119	119级兽场	1	1560573	4458780	2070	2	359	1
220	120	120级兽场	1	1596420	4561200	2100	2	362	1
221	121	121级兽场	1	1632645	4664700	2130	2	365	1
222	122	122级兽场	1	1669248	4769280	2160	2	368	1
223	123	123级兽场	1	1706229	4874940	2190	2	371	1
224	124	124级兽场	1	1743588	4981680	2220	2	374	1
225	125	125级兽场	1	1781325	5089500	2250	2	377	1
226	126	126级兽场	1	1819440	5198400	2280	2	380	1
227	127	127级兽场	1	1857933	5308380	2310	2	383	1
228	128	128级兽场	1	1896804	5419440	2340	2	386	1
229	129	129级兽场	1	1936053	5531580	2370	2	389	1
230	130	130级兽场	1	1975680	5644800	2400	2	392	1
231	131	131级兽场	1	2015685	5759100	2430	2	395	1
232	132	132级兽场	1	2056068	5874480	2460	2	398	1
233	133	133级兽场	1	2096829	5990940	2490	2	401	1
234	134	134级兽场	1	2137968	6108480	2520	2	404	1
235	135	135级兽场	1	2179485	6227100	2550	2	407	1
236	136	136级兽场	1	2221380	6346800	2580	2	410	1
237	137	137级兽场	1	2263653	6467580	2610	2	413	1
238	138	138级兽场	1	2306304	6589440	2640	2	416	1
239	139	139级兽场	1	2349333	6712380	2670	2	419	1
240	140	140级兽场	1	2392740	6836400	2700	2	422	1
241	141	141级兽场	1	2436525	6961500	2730	2	425	1
242	142	142级兽场	1	2480688	7087680	2760	2	428	1
243	143	143级兽场	1	2525229	7214940	2790	2	431	1
244	144	144级兽场	1	2570148	7343280	2820	2	434	1
245	145	145级兽场	1	2615445	7472700	2850	2	437	1
246	146	146级兽场	1	2661120	7603200	2880	2	440	1
247	147	147级兽场	1	2707173	7734780	2910	2	443	1
248	148	148级兽场	1	2753604	7867440	2940	2	446	1
249	149	149级兽场	1	2800413	8001180	2970	2	449	1
250	150	150级兽场	1	2847600	8136000	3000	2	452	1
251	151	151级兽场	1	2895165	8271900	3030	2	455	1
252	152	152级兽场	1	2943108	8408880	3060	2	458	1
253	153	153级兽场	1	2991429	8546940	3090	2	461	1
254	154	154级兽场	1	3040128	8686080	3120	2	464	1
255	155	155级兽场	1	3089205	8826300	3150	2	467	1
256	156	156级兽场	1	3138660	8967600	3180	2	470	1
257	157	157级兽场	1	3188493	9109980	3210	2	473	1
258	158	158级兽场	1	3238704	9253440	3240	2	476	1
259	159	159级兽场	1	3289293	9397980	3270	2	479	1
260	160	160级兽场	1	3340260	9543600	3300	2	482	1
261	161	161级兽场	1	3391605	9690300	3330	2	485	1
262	162	162级兽场	1	3443328	9838080	3360	2	488	1
263	163	163级兽场	1	3495429	9986940	3390	2	491	1
264	164	164级兽场	1	3547908	10136880	3420	2	494	1
265	165	165级兽场	1	3600765	10287900	3450	2	497	1
266	166	166级兽场	1	3654000	10440000	3480	2	500	1
267	167	167级兽场	1	3707613	10593180	3510	2	503	1
268	168	168级兽场	1	3761604	10747440	3540	2	506	1
269	169	169级兽场	1	3815973	10902780	3570	2	509	1
270	170	170级兽场	1	3870720	11059200	3600	2	512	1
271	171	171级兽场	1	3925845	11216700	3630	2	515	1
272	172	172级兽场	1	3981348	11375280	3660	2	518	1
273	173	173级兽场	1	4037229	11534940	3690	2	521	1
274	174	174级兽场	1	4093488	11695680	3720	2	524	1
275	175	175级兽场	1	4150125	11857500	3750	2	527	1
276	176	176级兽场	1	4207140	12020400	3780	2	530	1
277	177	177级兽场	1	4264533	12184380	3810	2	533	1
278	178	178级兽场	1	4322304	12349440	3840	2	536	1
279	179	179级兽场	1	4380453	12515580	3870	2	539	1
280	180	180级兽场	1	4438980	12682800	3900	2	542	1
281	181	181级兽场	1	4497885	12851100	3930	2	545	1
282	182	182级兽场	1	4557168	13020480	3960	2	548	1
283	183	183级兽场	1	4616829	13190940	3990	2	551	1
284	184	184级兽场	1	4676868	13362480	4020	2	554	1
285	185	185级兽场	1	4737285	13535100	4050	2	557	1
286	186	186级兽场	1	4798080	13708800	4080	2	560	1
287	187	187级兽场	1	4859253	13883580	4110	2	563	1
288	188	188级兽场	1	4920804	14059440	4140	2	566	1
289	189	189级兽场	1	4982733	14236380	4170	2	569	1
290	190	190级兽场	1	5045040	14414400	4200	2	572	1
291	191	191级兽场	1	5107725	14593500	4230	2	575	1
292	192	192级兽场	1	5170788	14773680	4260	2	578	1
293	193	193级兽场	1	5234229	14954940	4290	2	581	1
294	194	194级兽场	1	5298048	15137280	4320	2	584	1
295	195	195级兽场	1	5362245	15320700	4350	2	587	1
296	196	196级兽场	1	5426820	15505200	4380	2	590	1
297	197	197级兽场	1	5491773	15690780	4410	2	593	1
298	198	198级兽场	1	5557104	15877440	4440	2	596	1
299	199	199级兽场	1	5622813	16065180	4470	2	599	1
300	200	200级兽场	1	5688900	16254000	4500	2	602	1
301	1	1级树林	2	90	180	15	1	2	2
302	2	2级树林	2	360	720	30	1	4	2
303	3	3级树林	2	810	1620	45	1	6	2
304	4	4级树林	2	1440	2880	60	1	8	2
305	5	5级树林	2	2250	4500	75	1	10	2
306	6	6级树林	2	3240	6480	90	1	12	2
307	7	7级树林	2	4410	8820	105	1	14	2
308	8	8级树林	2	5760	11520	120	1	16	2
309	9	9级树林	2	7290	14580	135	1	18	2
310	10	10级树林	2	9000	18000	150	1	20	2
311	11	11级树林	2	10890	21780	165	1	22	2
312	12	12级树林	2	12960	25920	180	1	24	2
313	13	13级树林	2	15210	30420	195	1	26	2
314	14	14级树林	2	17640	35280	210	1	28	2
315	15	15级树林	2	20250	40500	225	1	30	2
316	16	16级树林	2	23040	46080	240	1	32	2
317	17	17级树林	2	26010	52020	255	1	34	2
318	18	18级树林	2	29160	58320	270	1	36	2
319	19	19级树林	2	32490	64980	285	1	38	2
320	20	20级树林	2	36000	72000	300	1	40	2
321	21	21级树林	2	39690	79380	315	1	42	2
322	22	22级树林	2	43560	87120	330	1	44	2
323	23	23级树林	2	47610	95220	345	1	46	2
324	24	24级树林	2	51840	103680	360	1	48	2
325	25	25级树林	2	56250	112500	375	1	50	2
326	26	26级树林	2	60840	121680	390	1	52	2
327	27	27级树林	2	65610	131220	405	1	54	2
328	28	28级树林	2	70560	141120	420	1	56	2
329	29	29级树林	2	75690	151380	435	1	58	2
330	30	30级树林	2	81000	162000	450	1	60	2
331	31	31级树林	2	86490	172980	465	1	62	2
332	32	32级树林	2	92160	184320	480	1	64	2
333	33	33级树林	2	98010	196020	495	1	66	2
334	34	34级树林	2	104040	208080	510	1	68	2
335	35	35级树林	2	110250	220500	525	1	70	2
336	36	36级树林	2	116640	233280	540	1	72	2
337	37	37级树林	2	123210	246420	555	1	74	2
338	38	38级树林	2	129960	259920	570	1	76	2
339	39	39级树林	2	136890	273780	585	1	78	2
340	40	40级树林	2	144000	288000	600	1	80	2
341	41	41级树林	2	151290	302580	615	1	82	2
342	42	42级树林	2	158760	317520	630	1	84	2
343	43	43级树林	2	166410	332820	645	1	86	2
344	44	44级树林	2	174240	348480	660	1	88	2
345	45	45级树林	2	182250	364500	675	1	90	2
346	46	46级树林	2	190440	380880	690	1	92	2
347	47	47级树林	2	198810	397620	705	1	94	2
348	48	48级树林	2	207360	414720	720	1	96	2
349	49	49级树林	2	216090	432180	735	1	98	2
350	50	50级树林	2	225000	450000	750	1	100	2
351	51	51级树林	2	234090	468180	765	1	102	2
352	52	52级树林	2	243360	486720	780	1	104	2
353	53	53级树林	2	252810	505620	795	1	106	2
354	54	54级树林	2	262440	524880	810	1	108	2
355	55	55级树林	2	272250	544500	825	1	110	2
356	56	56级树林	2	282240	564480	840	1	112	2
357	57	57级树林	2	292410	584820	855	1	114	2
358	58	58级树林	2	302760	605520	870	1	116	2
359	59	59级树林	2	313290	626580	885	1	118	2
360	60	60级树林	2	324000	648000	900	1	120	2
361	61	61级树林	2	334890	669780	915	1	122	2
362	62	62级树林	2	345960	691920	930	1	124	2
363	63	63级树林	2	357210	714420	945	1	126	2
364	64	64级树林	2	368640	737280	960	1	128	2
365	65	65级树林	2	380250	760500	975	1	130	2
366	66	66级树林	2	392040	784080	990	1	132	2
367	67	67级树林	2	404010	808020	1005	1	134	2
368	68	68级树林	2	416160	832320	1020	1	136	2
369	69	69级树林	2	428490	856980	1035	1	138	2
370	70	70级树林	2	441000	882000	1050	1	140	2
371	71	71级树林	2	453690	907380	1065	1	142	2
372	72	72级树林	2	466560	933120	1080	1	144	2
373	73	73级树林	2	479610	959220	1095	1	146	2
374	74	74级树林	2	492840	985680	1110	1	148	2
375	75	75级树林	2	506250	1012500	1125	1	150	2
376	76	76级树林	2	519840	1039680	1140	1	152	2
377	77	77级树林	2	533610	1067220	1155	1	154	2
378	78	78级树林	2	547560	1095120	1170	1	156	2
379	79	79级树林	2	561690	1123380	1185	1	158	2
380	80	80级树林	2	576000	1152000	1200	1	160	2
381	81	81级树林	2	590490	1180980	1215	1	162	2
382	82	82级树林	2	605160	1210320	1230	1	164	2
383	83	83级树林	2	620010	1240020	1245	1	166	2
384	84	84级树林	2	635040	1270080	1260	1	168	2
385	85	85级树林	2	650250	1300500	1275	1	170	2
386	86	86级树林	2	665640	1331280	1290	1	172	2
387	87	87级树林	2	681210	1362420	1305	1	174	2
388	88	88级树林	2	696960	1393920	1320	1	176	2
389	89	89级树林	2	712890	1425780	1335	1	178	2
390	90	90级树林	2	729000	1458000	1350	1	180	2
391	91	91级树林	2	745290	1490580	1365	1	182	2
392	92	92级树林	2	761760	1523520	1380	1	184	2
393	93	93级树林	2	778410	1556820	1395	1	186	2
394	94	94级树林	2	795240	1590480	1410	1	188	2
395	95	95级树林	2	812250	1624500	1425	1	190	2
396	96	96级树林	2	829440	1658880	1440	1	192	2
397	97	97级树林	2	846810	1693620	1455	1	194	2
398	98	98级树林	2	864360	1728720	1470	1	196	2
399	99	99级树林	2	882090	1764180	1485	1	198	2
400	100	100级树林	2	990000	1800000	1500	1	200	2
401	101	101级树林	2	1009899	1836180	1515	1	202	2
402	102	102级树林	2	1029996	1872720	1530	1	204	2
403	103	103级树林	2	1050291	1909620	1545	1	206	2
404	104	104级树林	2	1070784	1946880	1560	1	208	2
405	105	105级树林	2	1091475	1984500	1575	1	210	2
406	106	106级树林	2	1112364	2022480	1590	1	212	2
407	107	107级树林	2	1133451	2060820	1605	1	214	2
408	108	108级树林	2	1154736	2099520	1620	1	216	2
409	109	109级树林	2	1176219	2138580	1635	1	218	2
410	110	110级树林	2	1197900	2178000	1650	1	220	2
411	111	111级树林	2	1219779	2217780	1665	1	222	2
412	112	112级树林	2	1241856	2257920	1680	1	224	2
413	113	113级树林	2	1264131	2298420	1695	1	226	2
414	114	114级树林	2	1286604	2339280	1710	1	228	2
415	115	115级树林	2	1309275	2380500	1725	1	230	2
416	116	116级树林	2	1332144	2422080	1740	1	232	2
417	117	117级树林	2	1355211	2464020	1755	1	234	2
418	118	118级树林	2	1378476	2506320	1770	1	236	2
419	119	119级树林	2	1401939	2548980	1785	1	238	2
420	120	120级树林	2	1425600	2592000	1800	1	240	2
421	121	121级树林	2	1449459	2635380	1815	1	242	2
422	122	122级树林	2	1473516	2679120	1830	1	244	2
423	123	123级树林	2	1497771	2723220	1845	1	246	2
424	124	124级树林	2	1522224	2767680	1860	1	248	2
425	125	125级树林	2	1546875	2812500	1875	1	250	2
426	126	126级树林	2	1571724	2857680	1890	1	252	2
427	127	127级树林	2	1596771	2903220	1905	1	254	2
428	128	128级树林	2	1622016	2949120	1920	1	256	2
429	129	129级树林	2	1647459	2995380	1935	1	258	2
430	130	130级树林	2	1673100	3042000	1950	1	260	2
431	131	131级树林	2	1698939	3088980	1965	1	262	2
432	132	132级树林	2	1724976	3136320	1980	1	264	2
433	133	133级树林	2	1751211	3184020	1995	1	266	2
434	134	134级树林	2	1777644	3232080	2010	1	268	2
435	135	135级树林	2	1804275	3280500	2025	1	270	2
436	136	136级树林	2	1831104	3329280	2040	1	272	2
437	137	137级树林	2	1858131	3378420	2055	1	274	2
438	138	138级树林	2	1885356	3427920	2070	1	276	2
439	139	139级树林	2	1912779	3477780	2085	1	278	2
440	140	140级树林	2	1940400	3528000	2100	1	280	2
441	141	141级树林	2	1968219	3578580	2115	1	282	2
442	142	142级树林	2	1996236	3629520	2130	1	284	2
443	143	143级树林	2	2024451	3680820	2145	1	286	2
444	144	144级树林	2	2052864	3732480	2160	1	288	2
445	145	145级树林	2	2081475	3784500	2175	1	290	2
446	146	146级树林	2	2110284	3836880	2190	1	292	2
447	147	147级树林	2	2139291	3889620	2205	1	294	2
448	148	148级树林	2	2168496	3942720	2220	1	296	2
449	149	149级树林	2	2197899	3996180	2235	1	298	2
450	150	150级树林	2	2227500	4050000	2250	1	300	2
451	151	151级树林	2	2462508	4104180	2265	1	302	2
452	152	152级树林	2	2495232	4158720	2280	1	304	2
453	153	153级树林	2	2528172	4213620	2295	1	306	2
454	154	154级树林	2	2561328	4268880	2310	1	308	2
455	155	155级树林	2	2594700	4324500	2325	1	310	2
456	156	156级树林	2	2628288	4380480	2340	1	312	2
457	157	157级树林	2	2662092	4436820	2355	1	314	2
458	158	158级树林	2	2696112	4493520	2370	1	316	2
459	159	159级树林	2	2730348	4550580	2385	1	318	2
460	160	160级树林	2	2764800	4608000	2400	1	320	2
461	161	161级树林	2	2799468	4665780	2415	1	322	2
462	162	162级树林	2	2834352	4723920	2430	1	324	2
463	163	163级树林	2	2869452	4782420	2445	1	326	2
464	164	164级树林	2	2904768	4841280	2460	1	328	2
465	165	165级树林	2	2940300	4900500	2475	1	330	2
466	166	166级树林	2	2976048	4960080	2490	1	332	2
467	167	167级树林	2	3012012	5020020	2505	1	334	2
468	168	168级树林	2	3048192	5080320	2520	1	336	2
469	169	169级树林	2	3084588	5140980	2535	1	338	2
470	170	170级树林	2	3121200	5202000	2550	1	340	2
471	171	171级树林	2	3158028	5263380	2565	1	342	2
472	172	172级树林	2	3195072	5325120	2580	1	344	2
473	173	173级树林	2	3232332	5387220	2595	1	346	2
474	174	174级树林	2	3269808	5449680	2610	1	348	2
475	175	175级树林	2	3307500	5512500	2625	1	350	2
476	176	176级树林	2	3345408	5575680	2640	1	352	2
477	177	177级树林	2	3383532	5639220	2655	1	354	2
478	178	178级树林	2	3421872	5703120	2670	1	356	2
479	179	179级树林	2	3460428	5767380	2685	1	358	2
480	180	180级树林	2	3499200	5832000	2700	1	360	2
481	181	181级树林	2	3538188	5896980	2715	1	362	2
482	182	182级树林	2	3577392	5962320	2730	1	364	2
483	183	183级树林	2	3616812	6028020	2745	1	366	2
484	184	184级树林	2	3656448	6094080	2760	1	368	2
485	185	185级树林	2	3696300	6160500	2775	1	370	2
486	186	186级树林	2	3736368	6227280	2790	1	372	2
487	187	187级树林	2	3776652	6294420	2805	1	374	2
488	188	188级树林	2	3817152	6361920	2820	1	376	2
489	189	189级树林	2	3857868	6429780	2835	1	378	2
490	190	190级树林	2	3898800	6498000	2850	1	380	2
491	191	191级树林	2	3939948	6566580	2865	1	382	2
492	192	192级树林	2	3981312	6635520	2880	1	384	2
493	193	193级树林	2	4022892	6704820	2895	1	386	2
494	194	194级树林	2	4064688	6774480	2910	1	388	2
495	195	195级树林	2	4106700	6844500	2925	1	390	2
496	196	196级树林	2	4148928	6914880	2940	1	392	2
497	197	197级树林	2	4191372	6985620	2955	1	394	2
498	198	198级树林	2	4234032	7056720	2970	1	396	2
499	199	199级树林	2	4276908	7128180	2985	1	398	2
500	200	200级树林	2	4320000	7200000	3000	1	400	2
501	201	201级树林	2	4726917	7272180	3015	1	402	2
502	202	202级树林	2	4774068	7344720	3030	1	404	2
503	203	203级树林	2	4821453	7417620	3045	1	406	2
504	204	204级树林	2	4869072	7490880	3060	1	408	2
505	205	205级树林	2	4916925	7564500	3075	1	410	2
506	206	206级树林	2	4965012	7638480	3090	1	412	2
507	207	207级树林	2	5013333	7712820	3105	1	414	2
508	208	208级树林	2	5061888	7787520	3120	1	416	2
509	209	209级树林	2	5110677	7862580	3135	1	418	2
510	210	210级树林	2	5159700	7938000	3150	1	420	2
511	211	211级树林	2	5208957	8013780	3165	1	422	2
512	212	212级树林	2	5258448	8089920	3180	1	424	2
513	213	213级树林	2	5308173	8166420	3195	1	426	2
514	214	214级树林	2	5358132	8243280	3210	1	428	2
515	215	215级树林	2	5408325	8320500	3225	1	430	2
516	216	216级树林	2	5458752	8398080	3240	1	432	2
517	217	217级树林	2	5509413	8476020	3255	1	434	2
518	218	218级树林	2	5560308	8554320	3270	1	436	2
519	219	219级树林	2	5611437	8632980	3285	1	438	2
520	220	220级树林	2	5662800	8712000	3300	1	440	2
521	221	221级树林	2	5714397	8791380	3315	1	442	2
522	222	222级树林	2	5766228	8871120	3330	1	444	2
523	223	223级树林	2	5818293	8951220	3345	1	446	2
524	224	224级树林	2	5870592	9031680	3360	1	448	2
525	225	225级树林	2	5923125	9112500	3375	1	450	2
526	226	226级树林	2	5975892	9193680	3390	1	452	2
527	227	227级树林	2	6028893	9275220	3405	1	454	2
528	228	228级树林	2	6082128	9357120	3420	1	456	2
529	229	229级树林	2	6135597	9439380	3435	1	458	2
530	230	230级树林	2	6189300	9522000	3450	1	460	2
531	231	231级树林	2	6243237	9604980	3465	1	462	2
532	232	232级树林	2	6297408	9688320	3480	1	464	2
533	233	233级树林	2	6351813	9772020	3495	1	466	2
534	234	234级树林	2	6406452	9856080	3510	1	468	2
535	235	235级树林	2	6461325	9940500	3525	1	470	2
536	236	236级树林	2	6516432	10025280	3540	1	472	2
537	237	237级树林	2	6571773	10110420	3555	1	474	2
538	238	238级树林	2	6627348	10195920	3570	1	476	2
539	239	239级树林	2	6683157	10281780	3585	1	478	2
540	240	240级树林	2	6739200	10368000	3600	1	480	2
541	241	241级树林	2	6795477	10454580	3615	1	482	2
542	242	242级树林	2	6851988	10541520	3630	1	484	2
543	243	243级树林	2	6908733	10628820	3645	1	486	2
544	244	244级树林	2	6965712	10716480	3660	1	488	2
545	245	245级树林	2	7022925	10804500	3675	1	490	2
546	246	246级树林	2	7080372	10892880	3690	1	492	2
547	247	247级树林	2	7138053	10981620	3705	1	494	2
548	248	248级树林	2	7195968	11070720	3720	1	496	2
549	249	249级树林	2	7254117	11160180	3735	1	498	2
550	250	250级树林	2	7312500	11250000	3750	1	500	2
551	251	251级树林	2	7938126	11340180	3765	1	502	2
552	252	252级树林	2	8001504	11430720	3780	1	504	2
553	253	253级树林	2	8065134	11521620	3795	1	506	2
554	254	254级树林	2	8129016	11612880	3810	1	508	2
555	255	255级树林	2	8193150	11704500	3825	1	510	2
556	256	256级树林	2	8257536	11796480	3840	1	512	2
557	257	257级树林	2	8322174	11888820	3855	1	514	2
558	258	258级树林	2	8387064	11981520	3870	1	516	2
559	259	259级树林	2	8452206	12074580	3885	1	518	2
560	260	260级树林	2	8517600	12168000	3900	1	520	2
561	261	261级树林	2	8583246	12261780	3915	1	522	2
562	262	262级树林	2	8649144	12355920	3930	1	524	2
563	263	263级树林	2	8715294	12450420	3945	1	526	2
564	264	264级树林	2	8781696	12545280	3960	1	528	2
565	265	265级树林	2	8848350	12640500	3975	1	530	2
566	266	266级树林	2	8915256	12736080	3990	1	532	2
567	267	267级树林	2	8982414	12832020	4005	1	534	2
568	268	268级树林	2	9049824	12928320	4020	1	536	2
569	269	269级树林	2	9117486	13024980	4035	1	538	2
570	270	270级树林	2	9185400	13122000	4050	1	540	2
571	271	271级树林	2	9253566	13219380	4065	1	542	2
572	272	272级树林	2	9321984	13317120	4080	1	544	2
573	273	273级树林	2	9390654	13415220	4095	1	546	2
574	274	274级树林	2	9459576	13513680	4110	1	548	2
575	275	275级树林	2	9528750	13612500	4125	1	550	2
576	276	276级树林	2	9598176	13711680	4140	1	552	2
577	277	277级树林	2	9667854	13811220	4155	1	554	2
578	278	278级树林	2	9737784	13911120	4170	1	556	2
579	279	279级树林	2	9807966	14011380	4185	1	558	2
580	280	280级树林	2	9878400	14112000	4200	1	560	2
581	281	281级树林	2	9949086	14212980	4215	1	562	2
582	282	282级树林	2	10020024	14314320	4230	1	564	2
583	283	283级树林	2	10091214	14416020	4245	1	566	2
584	284	284级树林	2	10162656	14518080	4260	1	568	2
585	285	285级树林	2	10234350	14620500	4275	1	570	2
586	286	286级树林	2	10306296	14723280	4290	1	572	2
587	287	287级树林	2	10378494	14826420	4305	1	574	2
588	288	288级树林	2	10450944	14929920	4320	1	576	2
589	289	289级树林	2	10523646	15033780	4335	1	578	2
590	290	290级树林	2	10596600	15138000	4350	1	580	2
591	291	291级树林	2	10669806	15242580	4365	1	582	2
592	292	292级树林	2	10743264	15347520	4380	1	584	2
593	293	293级树林	2	10816974	15452820	4395	1	586	2
594	294	294级树林	2	10890936	15558480	4410	1	588	2
595	295	295级树林	2	10965150	15664500	4425	1	590	2
596	296	296级树林	2	11039616	15770880	4440	1	592	2
597	297	297级树林	2	11114334	15877620	4455	1	594	2
598	298	298级树林	2	11189304	15984720	4470	1	596	2
599	299	299级树林	2	11264526	16092180	4485	1	598	2
600	300	300级树林	2	11340000	16200000	4500	1	600	2
601	1	1级药园	3	54	90	15	1	1	4
602	2	2级药园	3	216	360	30	1	2	4
603	3	3级药园	3	486	810	45	1	3	4
604	4	4级药园	3	864	1440	60	1	4	4
605	5	5级药园	3	1350	2250	75	1	5	4
606	6	6级药园	3	1944	3240	90	1	6	4
607	7	7级药园	3	2646	4410	105	1	7	4
608	8	8级药园	3	3456	5760	120	1	8	4
609	9	9级药园	3	4374	7290	135	1	9	4
610	10	10级药园	3	5400	9000	150	1	10	4
611	11	11级药园	3	6534	10890	165	1	11	4
612	12	12级药园	3	7776	12960	180	1	12	4
613	13	13级药园	3	9126	15210	195	1	13	4
614	14	14级药园	3	10584	17640	210	1	14	4
615	15	15级药园	3	12150	20250	225	1	15	4
616	16	16级药园	3	13824	23040	240	1	16	4
617	17	17级药园	3	15606	26010	255	1	17	4
618	18	18级药园	3	17496	29160	270	1	18	4
619	19	19级药园	3	19494	32490	285	1	19	4
620	20	20级药园	3	21600	36000	300	1	20	4
621	21	21级药园	3	23814	39690	315	1	21	4
622	22	22级药园	3	26136	43560	330	1	22	4
623	23	23级药园	3	28566	47610	345	1	23	4
624	24	24级药园	3	31104	51840	360	1	24	4
625	25	25级药园	3	33750	56250	375	1	25	4
626	26	26级药园	3	36504	60840	390	1	26	4
627	27	27级药园	3	39366	65610	405	1	27	4
628	28	28级药园	3	42336	70560	420	1	28	4
629	29	29级药园	3	45414	75690	435	1	29	4
630	30	30级药园	3	48600	81000	450	1	30	4
631	31	31级药园	3	51894	86490	465	1	31	4
632	32	32级药园	3	55296	92160	480	1	32	4
633	33	33级药园	3	58806	98010	495	1	33	4
634	34	34级药园	3	62424	104040	510	1	34	4
635	35	35级药园	3	66150	110250	525	1	35	4
636	36	36级药园	3	69984	116640	540	1	36	4
637	37	37级药园	3	73926	123210	555	1	37	4
638	38	38级药园	3	77976	129960	570	1	38	4
639	39	39级药园	3	82134	136890	585	1	39	4
640	40	40级药园	3	86400	144000	600	1	40	4
641	41	41级药园	3	90774	151290	615	1	41	4
642	42	42级药园	3	95256	158760	630	1	42	4
643	43	43级药园	3	99846	166410	645	1	43	4
644	44	44级药园	3	104544	174240	660	1	44	4
645	45	45级药园	3	109350	182250	675	1	45	4
646	46	46级药园	3	114264	190440	690	1	46	4
647	47	47级药园	3	119286	198810	705	1	47	4
648	48	48级药园	3	124416	207360	720	1	48	4
649	49	49级药园	3	129654	216090	735	1	49	4
650	50	50级药园	3	135000	225000	750	1	50	4
651	51	51级药园	3	140454	234090	765	1	51	4
652	52	52级药园	3	146016	243360	780	1	52	4
653	53	53级药园	3	151686	252810	795	1	53	4
654	54	54级药园	3	157464	262440	810	1	54	4
655	55	55级药园	3	163350	272250	825	1	55	4
656	56	56级药园	3	169344	282240	840	1	56	4
657	57	57级药园	3	175446	292410	855	1	57	4
658	58	58级药园	3	181656	302760	870	1	58	4
659	59	59级药园	3	187974	313290	885	1	59	4
660	60	60级药园	3	194400	324000	900	1	60	4
661	61	61级药园	3	200934	334890	915	1	61	4
662	62	62级药园	3	207576	345960	930	1	62	4
663	63	63级药园	3	214326	357210	945	1	63	4
664	64	64级药园	3	221184	368640	960	1	64	4
665	65	65级药园	3	228150	380250	975	1	65	4
666	66	66级药园	3	235224	392040	990	1	66	4
667	67	67级药园	3	242406	404010	1005	1	67	4
668	68	68级药园	3	249696	416160	1020	1	68	4
669	69	69级药园	3	257094	428490	1035	1	69	4
670	70	70级药园	3	264600	441000	1050	1	70	4
671	71	71级药园	3	272214	453690	1065	1	71	4
672	72	72级药园	3	279936	466560	1080	1	72	4
673	73	73级药园	3	287766	479610	1095	1	73	4
674	74	74级药园	3	295704	492840	1110	1	74	4
675	75	75级药园	3	303750	506250	1125	1	75	4
676	76	76级药园	3	311904	519840	1140	1	76	4
677	77	77级药园	3	320166	533610	1155	1	77	4
678	78	78级药园	3	328536	547560	1170	1	78	4
679	79	79级药园	3	337014	561690	1185	1	79	4
680	80	80级药园	3	345600	576000	1200	1	80	4
681	81	81级药园	3	354294	590490	1215	1	81	4
682	82	82级药园	3	363096	605160	1230	1	82	4
683	83	83级药园	3	372006	620010	1245	1	83	4
684	84	84级药园	3	381024	635040	1260	1	84	4
685	85	85级药园	3	390150	650250	1275	1	85	4
686	86	86级药园	3	399384	665640	1290	1	86	4
687	87	87级药园	3	408726	681210	1305	1	87	4
688	88	88级药园	3	418176	696960	1320	1	88	4
689	89	89级药园	3	427734	712890	1335	1	89	4
690	90	90级药园	3	437400	729000	1350	1	90	4
691	91	91级药园	3	447174	745290	1365	1	91	4
692	92	92级药园	3	457056	761760	1380	1	92	4
693	93	93级药园	3	467046	778410	1395	1	93	4
694	94	94级药园	3	477144	795240	1410	1	94	4
695	95	95级药园	3	487350	812250	1425	1	95	4
696	96	96级药园	3	497664	829440	1440	1	96	4
697	97	97级药园	3	508086	846810	1455	1	97	4
698	98	98级药园	3	518616	864360	1470	1	98	4
699	99	99级药园	3	529254	882090	1485	1	99	4
700	100	100级药园	3	540000	900000	1500	1	100	4
701	1	1级矿坑	4	54	90	15	1	1	4
702	2	2级矿坑	4	216	360	30	1	2	4
703	3	3级矿坑	4	486	810	45	1	3	4
704	4	4级矿坑	4	864	1440	60	1	4	4
705	5	5级矿坑	4	1350	2250	75	1	5	4
706	6	6级矿坑	4	1944	3240	90	1	6	4
707	7	7级矿坑	4	2646	4410	105	1	7	4
708	8	8级矿坑	4	3456	5760	120	1	8	4
709	9	9级矿坑	4	4374	7290	135	1	9	4
710	10	10级矿坑	4	5400	9000	150	1	10	4
711	11	11级矿坑	4	6534	10890	165	1	11	4
712	12	12级矿坑	4	7776	12960	180	1	12	4
713	13	13级矿坑	4	9126	15210	195	1	13	4
714	14	14级矿坑	4	10584	17640	210	1	14	4
715	15	15级矿坑	4	12150	20250	225	1	15	4
716	16	16级矿坑	4	13824	23040	240	1	16	4
717	17	17级矿坑	4	15606	26010	255	1	17	4
718	18	18级矿坑	4	17496	29160	270	1	18	4
719	19	19级矿坑	4	19494	32490	285	1	19	4
720	20	20级矿坑	4	21600	36000	300	1	20	4
721	21	21级矿坑	4	23814	39690	315	1	21	4
722	22	22级矿坑	4	26136	43560	330	1	22	4
723	23	23级矿坑	4	28566	47610	345	1	23	4
724	24	24级矿坑	4	31104	51840	360	1	24	4
725	25	25级矿坑	4	33750	56250	375	1	25	4
726	26	26级矿坑	4	36504	60840	390	1	26	4
727	27	27级矿坑	4	39366	65610	405	1	27	4
728	28	28级矿坑	4	42336	70560	420	1	28	4
729	29	29级矿坑	4	45414	75690	435	1	29	4
730	30	30级矿坑	4	48600	81000	450	1	30	4
731	31	31级矿坑	4	51894	86490	465	1	31	4
732	32	32级矿坑	4	55296	92160	480	1	32	4
733	33	33级矿坑	4	58806	98010	495	1	33	4
734	34	34级矿坑	4	62424	104040	510	1	34	4
735	35	35级矿坑	4	66150	110250	525	1	35	4
736	36	36级矿坑	4	69984	116640	540	1	36	4
737	37	37级矿坑	4	73926	123210	555	1	37	4
738	38	38级矿坑	4	77976	129960	570	1	38	4
739	39	39级矿坑	4	82134	136890	585	1	39	4
740	40	40级矿坑	4	86400	144000	600	1	40	4
741	41	41级矿坑	4	90774	151290	615	1	41	4
742	42	42级矿坑	4	95256	158760	630	1	42	4
743	43	43级矿坑	4	99846	166410	645	1	43	4
744	44	44级矿坑	4	104544	174240	660	1	44	4
745	45	45级矿坑	4	109350	182250	675	1	45	4
746	46	46级矿坑	4	114264	190440	690	1	46	4
747	47	47级矿坑	4	119286	198810	705	1	47	4
748	48	48级矿坑	4	124416	207360	720	1	48	4
749	49	49级矿坑	4	129654	216090	735	1	49	4
750	50	50级矿坑	4	135000	225000	750	1	50	4
751	51	51级矿坑	4	140454	234090	765	1	51	4
752	52	52级矿坑	4	146016	243360	780	1	52	4
753	53	53级矿坑	4	151686	252810	795	1	53	4
754	54	54级矿坑	4	157464	262440	810	1	54	4
755	55	55级矿坑	4	163350	272250	825	1	55	4
756	56	56级矿坑	4	169344	282240	840	1	56	4
757	57	57级矿坑	4	175446	292410	855	1	57	4
758	58	58级矿坑	4	181656	302760	870	1	58	4
759	59	59级矿坑	4	187974	313290	885	1	59	4
760	60	60级矿坑	4	194400	324000	900	1	60	4
761	61	61级矿坑	4	200934	334890	915	1	61	4
762	62	62级矿坑	4	207576	345960	930	1	62	4
763	63	63级矿坑	4	214326	357210	945	1	63	4
764	64	64级矿坑	4	221184	368640	960	1	64	4
765	65	65级矿坑	4	228150	380250	975	1	65	4
766	66	66级矿坑	4	235224	392040	990	1	66	4
767	67	67级矿坑	4	242406	404010	1005	1	67	4
768	68	68级矿坑	4	249696	416160	1020	1	68	4
769	69	69级矿坑	4	257094	428490	1035	1	69	4
770	70	70级矿坑	4	264600	441000	1050	1	70	4
771	71	71级矿坑	4	272214	453690	1065	1	71	4
772	72	72级矿坑	4	279936	466560	1080	1	72	4
773	73	73级矿坑	4	287766	479610	1095	1	73	4
774	74	74级矿坑	4	295704	492840	1110	1	74	4
775	75	75级矿坑	4	303750	506250	1125	1	75	4
776	76	76级矿坑	4	311904	519840	1140	1	76	4
777	77	77级矿坑	4	320166	533610	1155	1	77	4
778	78	78级矿坑	4	328536	547560	1170	1	78	4
779	79	79级矿坑	4	337014	561690	1185	1	79	4
780	80	80级矿坑	4	345600	576000	1200	1	80	4
781	81	81级矿坑	4	354294	590490	1215	1	81	4
782	82	82级矿坑	4	363096	605160	1230	1	82	4
783	83	83级矿坑	4	372006	620010	1245	1	83	4
784	84	84级矿坑	4	381024	635040	1260	1	84	4
785	85	85级矿坑	4	390150	650250	1275	1	85	4
786	86	86级矿坑	4	399384	665640	1290	1	86	4
787	87	87级矿坑	4	408726	681210	1305	1	87	4
788	88	88级矿坑	4	418176	696960	1320	1	88	4
789	89	89级矿坑	4	427734	712890	1335	1	89	4
790	90	90级矿坑	4	437400	729000	1350	1	90	4
791	91	91级矿坑	4	447174	745290	1365	1	91	4
792	92	92级矿坑	4	457056	761760	1380	1	92	4
793	93	93级矿坑	4	467046	778410	1395	1	93	4
794	94	94级矿坑	4	477144	795240	1410	1	94	4
795	95	95级矿坑	4	487350	812250	1425	1	95	4
796	96	96级矿坑	4	497664	829440	1440	1	96	4
797	97	97级矿坑	4	508086	846810	1455	1	97	4
798	98	98级矿坑	4	518616	864360	1470	1	98	4
799	99	99级矿坑	4	529254	882090	1485	1	99	4
800	100	100级矿坑	4	540000	900000	1500	1	100	4
