level_XBXXZ	name_XBXXZ	neednum_XBXXZ	spiritstone_XBXXZ	minexp_XBXXZ	maxexp_XBXXZ
0	凡人之躯	25	250	0	0
1	凡人之躯1阶	50	500	8	19
2	凡人之躯2阶	75	750	9	21
3	凡人之躯3阶	100	1000	10	23
4	凡人之躯4阶	125	1250	12	27
5	凡人之躯5阶	150	1500	14	31
6	凡人之躯6阶	175	1750	16	35
7	凡人之躯7阶	200	2000	18	39
8	凡人之躯8阶	225	2250	20	43
9	凡人之躯9阶	275	2750	22	47
10	凡人之躯10阶	325	3250	24	51
11	钢筋铁骨1阶	375	3750	26	55
12	钢筋铁骨2阶	425	4250	28	59
13	钢筋铁骨3阶	475	4750	30	63
14	钢筋铁骨4阶	525	5250	50	80
15	钢筋铁骨5阶	575	5750	60	120
16	钢筋铁骨6阶	625	6250	70	160
17	钢筋铁骨7阶	675	6750	80	200
18	钢筋铁骨8阶	725	7250	90	240
19	钢筋铁骨9阶	800	8000	100	280
20	钢筋铁骨10阶	875	8750	110	320
21	力抵百牛1阶	950	9500	120	360
22	力抵百牛2阶	1025	10250	130	400
23	力抵百牛3阶	1100	11000	140	440
24	力抵百牛4阶	1175	11750	160	520
25	力抵百牛5阶	1250	12500	180	600
26	力抵百牛6阶	1325	13250	200	680
27	力抵百牛7阶	1400	14000	220	760
28	力抵百牛8阶	1475	14750	240	840
29	力抵百牛9阶	1575	15750	260	920
30	力抵百牛10阶	1675	16750	280	1000
31	铜骨之躯1阶	1775	17750	300	1080
32	铜骨之躯2阶	1875	18750	320	1160
33	铜骨之躯3阶	1975	19750	340	1240
34	铜骨之躯4阶	2075	20750	390	1400
35	铜骨之躯5阶	2175	21750	440	1560
36	铜骨之躯6阶	2275	22750	490	1720
37	铜骨之躯7阶	2375	23750	540	1880
38	铜骨之躯8阶	2475	24750	590	2040
39	铜骨之躯9阶	2600	26000	640	2200
40	铜骨之躯10阶	2725	27250	690	2360
41	银骨之躯1阶	2850	28500	740	2520
42	银骨之躯2阶	2975	29750	790	2680
43	银骨之躯3阶	3100	31000	840	2840
44	银骨之躯4阶	3225	32250	940	3160
45	银骨之躯5阶	3350	33500	1040	3480
46	银骨之躯6阶	3475	34750	1140	3800
47	银骨之躯7阶	3600	36000	1240	4120
48	银骨之躯8阶	3725	37250	1340	4440
49	银骨之躯9阶	3875	38750	1440	4760
50	银骨之躯10阶	4025	40250	1540	5080
51	金身之躯1阶	4175	41750	1640	5400
52	金身之躯2阶	4325	43250	1740	5720
53	金身之躯3阶	4475	44750	1840	6040
54	金身之躯4阶	4625	46250	1990	6240
55	金身之躯5阶	4775	47750	2140	6440
56	金身之躯6阶	4925	49250	2290	6640
57	金身之躯7阶	5075	50750	2440	6840
58	金身之躯8阶	5225	52250	2590	7040
59	金身之躯9阶	5425	54250	2740	7240
60	金身之躯10阶	5625	56250	2890	7440
61	万象之力1阶	5825	58250	3040	7640
62	万象之力2阶	6025	60250	3190	7840
63	万象之力3阶	6225	62250	3340	8040
64	万象之力4阶	6425	64250	3490	8240
65	万象之力5阶	6625	66250	3640	8440
66	万象之力6阶	6825	68250	3790	8640
67	万象之力7阶	7025	70250	3940	8840
68	万象之力8阶	7225	72250	4090	9040
69	万象之力9阶	7475	74750	4240	9240
70	万象之力10阶	7725	77250	4390	9440
71	千山之力1阶	7975	79750	4540	9640
72	千山之力2阶	8225	82250	4690	9840
73	千山之力3阶	8475	84750	4840	10040
74	千山之力4阶	8725	87250	4990	10240
75	千山之力5阶	8975	89750	5140	10440
76	千山之力6阶	9225	92250	5290	10640
77	千山之力7阶	9475	94750	5440	10840
78	千山之力8阶	9725	97250	5590	11040
79	千山之力9阶	10025	100250	5740	11240
80	千山之力10阶	10325	103250	5890	11440
81	大乘之躯1阶	10625	106250	6040	11640
82	大乘之躯2阶	10925	109250	6190	11840
83	大乘之躯3阶	11225	112250	6340	12040
84	大乘之躯4阶	11525	115250	6490	12240
85	大乘之躯5阶	11825	118250	6640	12440
86	大乘之躯6阶	12125	121250	6790	12640
87	大乘之躯7阶	12425	124250	6940	12840
88	大乘之躯8阶	12725	127250	7090	13040
89	大乘之躯9阶	13075	130750	7240	13240
90	大乘之躯10阶	13425	134250	7390	13440
91	渡劫之躯1阶	13775	137750	7540	13640
92	渡劫之躯2阶	14125	141250	7690	13840
93	渡劫之躯3阶	14475	144750	7840	14040
94	渡劫之躯4阶	14825	148250	7990	14240
95	渡劫之躯5阶	15175	151750	8140	14440
96	渡劫之躯6阶	15525	155250	8290	14640
97	渡劫之躯7阶	15875	158750	8440	14840
98	渡劫之躯8阶	16225	162250	8590	15040
99	渡劫之躯9阶	16625	166250	8740	15240
100	渡劫之躯10阶	17025	170250	8890	15440
101	散仙之躯1阶	17425	174250	9040	15640
102	散仙之躯2阶	17825	178250	9190	15840
103	散仙之躯3阶	18225	182250	9340	16040
104	散仙之躯4阶	18625	186250	9490	16240
105	散仙之躯5阶	19025	190250	9640	16440
106	散仙之躯6阶	19425	194250	9790	16640
107	散仙之躯7阶	19825	198250	9940	16840
108	散仙之躯8阶	20225	202250	10090	17040
109	散仙之躯9阶	20725	207250	10240	17240
110	散仙之躯10阶	21225	212250	10390	17440
111	游仙之躯1阶	21725	217250	10540	17640
112	游仙之躯2阶	22225	222250	10690	17840
113	游仙之躯3阶	22725	227250	10840	18040
114	游仙之躯4阶	23225	232250	10990	18240
115	游仙之躯5阶	23725	237250	11140	18440
116	游仙之躯6阶	24225	242250	11290	18640
117	游仙之躯7阶	24725	247250	11440	18840
118	游仙之躯8阶	25225	252250	11590	19040
119	游仙之躯9阶	25825	258250	11740	19240
120	游仙之躯10阶	26425	264250	11890	19440
121	地仙之躯1阶	27025	270250	12040	19640
122	地仙之躯2阶	27625	276250	12190	19840
123	地仙之躯3阶	28225	282250	12340	20040
124	地仙之躯4阶	28825	288250	12490	20240
125	地仙之躯5阶	29425	294250	12640	20440
126	地仙之躯6阶	30025	300250	12790	20640
127	地仙之躯7阶	30625	306250	12940	20840
128	地仙之躯8阶	31225	312250	13090	21040
129	地仙之躯9阶	31925	319250	13240	21240
130	地仙之躯10阶	32625	326250	13390	21440
131	真仙之躯1阶	33325	333250	13540	21640
132	真仙之躯2阶	34025	340250	13690	21840
133	真仙之躯3阶	34725	347250	13840	22040
134	真仙之躯4阶	35425	354250	13990	22240
135	真仙之躯5阶	36125	361250	14140	22440
136	真仙之躯6阶	36825	368250	14290	22640
137	真仙之躯7阶	37525	375250	14440	22840
138	真仙之躯8阶	38225	382250	14590	23040
139	真仙之躯9阶	39025	390250	14740	23240
140	真仙之躯10阶	39825	398250	14890	23440
141	玄仙之躯1阶	40625	406250	15040	23640
142	玄仙之躯2阶	41425	414250	15190	23840
143	玄仙之躯3阶	42225	422250	15340	24040
144	玄仙之躯4阶	43025	430250	15490	24240
145	玄仙之躯5阶	43825	438250	15640	24440
146	玄仙之躯6阶	44625	446250	15790	24640
147	玄仙之躯7阶	45425	454250	15940	24840
148	玄仙之躯8阶	46225	462250	16090	25040
149	玄仙之躯9阶	47025	470250	16240	25240
150	玄仙之躯10阶	47825	478250	16390	25440
151	天仙之躯1阶	48625	486250	16540	25640
152	天仙之躯2阶	49425	494250	16690	25840
153	天仙之躯3阶	50225	502250	16840	26040
154	天仙之躯4阶	51025	510250	16990	26240
155	天仙之躯5阶	51825	518250	17140	26440
156	天仙之躯6阶	52625	526250	17290	26640
157	天仙之躯7阶	53425	534250	17440	26840
158	天仙之躯8阶	54225	542250	17590	27040
159	天仙之躯9阶	55025	550250	17740	27240
160	天仙之躯10阶	55025	550250	17890	27440
