level_XBXXZ	neednum_XBXXZ	damage_XBXXZ	defence_XBXXZ	maxhp_XBXXZ	bang_XBXXZ	dodge_XBXXZ	itemid_XBXXZ	text_XBXXZ
1	1	50						茶香渺渺，{0}道心清明，静心感悟天道。过往的战斗经历浮现脑海，经过一番感悟，{1}道心愈发坚定，战斗之道愈发精进，开始逐渐融汇贯通，在战斗大道上，略有收获！{2}增加了：{3}
2	1		50					茶香渺渺，{0}道心清明，静心感悟天道。过往的战斗经历浮现脑海，经过一番感悟，{1}道心愈发坚定，战斗之道愈发精进，开始逐渐融汇贯通，在战斗大道上，略有收获！{2}增加了：{3}
3	1			500				茶香渺渺，{0}道心清明，静心感悟天道。过往的战斗经历浮现脑海，经过一番感悟，{1}道心愈发坚定，战斗之道愈发精进，开始逐渐融汇贯通，在战斗大道上，略有收获！{2}增加了：{3}
4	1				50			茶香渺渺，{0}道心清明，静心感悟天道。过往的战斗经历浮现脑海，经过一番感悟，{1}道心愈发坚定，战斗之道愈发精进，开始逐渐融汇贯通，在战斗大道上，略有收获！{2}增加了：{3}
5	1					50		茶香渺渺，{0}道心清明，静心感悟天道。过往的战斗经历浮现脑海，经过一番感悟，{1}道心愈发坚定，战斗之道愈发精进，开始逐渐融汇贯通，在战斗大道上，略有收获！{2}增加了：{3}
6	1	60						茶香渺渺，{0}道心清明，静心感悟天道。过往的战斗经历浮现脑海，经过一番感悟，{1}道心愈发坚定，战斗之道愈发精进，开始逐渐融汇贯通，在战斗大道上，略有收获！{2}增加了：{3}
7	1		60					茶香渺渺，{0}道心清明，静心感悟天道。过往的战斗经历浮现脑海，经过一番感悟，{1}道心愈发坚定，战斗之道愈发精进，开始逐渐融汇贯通，在战斗大道上，略有收获！{2}增加了：{3}
8	1			600				茶香渺渺，{0}道心清明，静心感悟天道。过往的战斗经历浮现脑海，经过一番感悟，{1}道心愈发坚定，战斗之道愈发精进，开始逐渐融汇贯通，在战斗大道上，略有收获！{2}增加了：{3}
9	1				60			茶香渺渺，{0}道心清明，静心感悟天道。过往的战斗经历浮现脑海，经过一番感悟，{1}道心愈发坚定，战斗之道愈发精进，开始逐渐融汇贯通，在战斗大道上，略有收获！{2}增加了：{3}
10	1					60	2852	茶香渺渺，{0}道心清明，静心感悟天道。过往的战斗经历浮现脑海，经过一番感悟，{1}道心愈发坚定，战斗之道愈发精进，开始逐渐融汇贯通，在战斗大道上，略有收获！{2}增加了：{3}！同时领悟出了一套新的功法：《{4}》
11	1	70						茶香渺渺，{0}道心清明，静心感悟天道。过往的战斗经历浮现脑海，经过一番感悟，{1}道心愈发坚定，战斗之道愈发精进，开始逐渐融汇贯通，在战斗大道上，略有收获！{2}增加了：{3}
12	1		70					茶香渺渺，{0}道心清明，静心感悟天道。过往的战斗经历浮现脑海，经过一番感悟，{1}道心愈发坚定，战斗之道愈发精进，开始逐渐融汇贯通，在战斗大道上，略有收获！{2}增加了：{3}
13	1			700				茶香渺渺，{0}道心清明，静心感悟天道。过往的战斗经历浮现脑海，经过一番感悟，{1}道心愈发坚定，战斗之道愈发精进，开始逐渐融汇贯通，在战斗大道上，略有收获！{2}增加了：{3}
14	1				70			茶香渺渺，{0}道心清明，静心感悟天道。过往的战斗经历浮现脑海，经过一番感悟，{1}道心愈发坚定，战斗之道愈发精进，开始逐渐融汇贯通，在战斗大道上，略有收获！{2}增加了：{3}
15	1					70		茶香渺渺，{0}道心清明，静心感悟天道。过往的战斗经历浮现脑海，经过一番感悟，{1}道心愈发坚定，战斗之道愈发精进，开始逐渐融汇贯通，在战斗大道上，略有收获！{2}增加了：{3}
16	1	80						茶香渺渺，{0}道心清明，静心感悟天道。过往的战斗经历浮现脑海，经过一番感悟，{1}道心愈发坚定，战斗之道愈发精进，开始逐渐融汇贯通，在战斗大道上，略有收获！{2}增加了：{3}
17	1		80					茶香渺渺，{0}道心清明，静心感悟天道。过往的战斗经历浮现脑海，经过一番感悟，{1}道心愈发坚定，战斗之道愈发精进，开始逐渐融汇贯通，在战斗大道上，略有收获！{2}增加了：{3}
18	1			800				茶香渺渺，{0}道心清明，静心感悟天道。过往的战斗经历浮现脑海，经过一番感悟，{1}道心愈发坚定，战斗之道愈发精进，开始逐渐融汇贯通，在战斗大道上，略有收获！{2}增加了：{3}
19	1				80			茶香渺渺，{0}道心清明，静心感悟天道。过往的战斗经历浮现脑海，经过一番感悟，{1}道心愈发坚定，战斗之道愈发精进，开始逐渐融汇贯通，在战斗大道上，略有收获！{2}增加了：{3}
20	1					80	2853	茶香渺渺，{0}道心清明，静心感悟天道。过往的战斗经历浮现脑海，经过一番感悟，{1}道心愈发坚定，战斗之道愈发精进，开始逐渐融汇贯通，在战斗大道上，略有收获！{2}增加了：{3}！同时领悟出了一套新的功法：《{4}》
21	1	90						茶香渺渺，{0}道心清明，静心感悟天道。过往的战斗经历浮现脑海，经过一番感悟，{1}道心愈发坚定，战斗之道愈发精进，开始逐渐融汇贯通，在战斗大道上，略有收获！{2}增加了：{3}
22	1		90					茶香渺渺，{0}道心清明，静心感悟天道。过往的战斗经历浮现脑海，经过一番感悟，{1}道心愈发坚定，战斗之道愈发精进，开始逐渐融汇贯通，在战斗大道上，略有收获！{2}增加了：{3}
23	1			900				茶香渺渺，{0}道心清明，静心感悟天道。过往的战斗经历浮现脑海，经过一番感悟，{1}道心愈发坚定，战斗之道愈发精进，开始逐渐融汇贯通，在战斗大道上，略有收获！{2}增加了：{3}
24	1				90			茶香渺渺，{0}道心清明，静心感悟天道。过往的战斗经历浮现脑海，经过一番感悟，{1}道心愈发坚定，战斗之道愈发精进，开始逐渐融汇贯通，在战斗大道上，略有收获！{2}增加了：{3}
25	1					90		茶香渺渺，{0}道心清明，静心感悟天道。过往的战斗经历浮现脑海，经过一番感悟，{1}道心愈发坚定，战斗之道愈发精进，开始逐渐融汇贯通，在战斗大道上，略有收获！{2}增加了：{3}
26	1	100						茶香渺渺，{0}道心清明，静心感悟天道。过往的战斗经历浮现脑海，经过一番感悟，{1}道心愈发坚定，战斗之道愈发精进，开始逐渐融汇贯通，在战斗大道上，略有收获！{2}增加了：{3}
27	1		100					茶香渺渺，{0}道心清明，静心感悟天道。过往的战斗经历浮现脑海，经过一番感悟，{1}道心愈发坚定，战斗之道愈发精进，开始逐渐融汇贯通，在战斗大道上，略有收获！{2}增加了：{3}
28	1			1000				茶香渺渺，{0}道心清明，静心感悟天道。过往的战斗经历浮现脑海，经过一番感悟，{1}道心愈发坚定，战斗之道愈发精进，开始逐渐融汇贯通，在战斗大道上，略有收获！{2}增加了：{3}
29	1				100			茶香渺渺，{0}道心清明，静心感悟天道。过往的战斗经历浮现脑海，经过一番感悟，{1}道心愈发坚定，战斗之道愈发精进，开始逐渐融汇贯通，在战斗大道上，略有收获！{2}增加了：{3}
30	1					100	2854	茶香渺渺，{0}道心清明，静心感悟天道。过往的战斗经历浮现脑海，经过一番感悟，{1}道心愈发坚定，战斗之道愈发精进，开始逐渐融汇贯通，在战斗大道上，略有收获！{2}增加了：{3}！同时领悟出了一套新的功法：《{4}》
31	1	110						茶香渺渺，{0}道心清明，静心感悟天道。过往的战斗经历浮现脑海，经过一番感悟，{1}道心愈发坚定，战斗之道愈发精进，开始逐渐融汇贯通，在战斗大道上，略有收获！{2}增加了：{3}
32	1		110					茶香渺渺，{0}道心清明，静心感悟天道。过往的战斗经历浮现脑海，经过一番感悟，{1}道心愈发坚定，战斗之道愈发精进，开始逐渐融汇贯通，在战斗大道上，略有收获！{2}增加了：{3}
33	1			1100				茶香渺渺，{0}道心清明，静心感悟天道。过往的战斗经历浮现脑海，经过一番感悟，{1}道心愈发坚定，战斗之道愈发精进，开始逐渐融汇贯通，在战斗大道上，略有收获！{2}增加了：{3}
34	1				110			茶香渺渺，{0}道心清明，静心感悟天道。过往的战斗经历浮现脑海，经过一番感悟，{1}道心愈发坚定，战斗之道愈发精进，开始逐渐融汇贯通，在战斗大道上，略有收获！{2}增加了：{3}
35	1					110		茶香渺渺，{0}道心清明，静心感悟天道。过往的战斗经历浮现脑海，经过一番感悟，{1}道心愈发坚定，战斗之道愈发精进，开始逐渐融汇贯通，在战斗大道上，略有收获！{2}增加了：{3}
36	1	120						茶香渺渺，{0}道心清明，静心感悟天道。过往的战斗经历浮现脑海，经过一番感悟，{1}道心愈发坚定，战斗之道愈发精进，开始逐渐融汇贯通，在战斗大道上，略有收获！{2}增加了：{3}
37	1		120					茶香渺渺，{0}道心清明，静心感悟天道。过往的战斗经历浮现脑海，经过一番感悟，{1}道心愈发坚定，战斗之道愈发精进，开始逐渐融汇贯通，在战斗大道上，略有收获！{2}增加了：{3}
38	1			1200				茶香渺渺，{0}道心清明，静心感悟天道。过往的战斗经历浮现脑海，经过一番感悟，{1}道心愈发坚定，战斗之道愈发精进，开始逐渐融汇贯通，在战斗大道上，略有收获！{2}增加了：{3}
39	1				120			茶香渺渺，{0}道心清明，静心感悟天道。过往的战斗经历浮现脑海，经过一番感悟，{1}道心愈发坚定，战斗之道愈发精进，开始逐渐融汇贯通，在战斗大道上，略有收获！{2}增加了：{3}
40	1					120	2855	茶香渺渺，{0}道心清明，静心感悟天道。过往的战斗经历浮现脑海，经过一番感悟，{1}道心愈发坚定，战斗之道愈发精进，开始逐渐融汇贯通，在战斗大道上，略有收获！{2}增加了：{3}！同时领悟出了一套新的功法：《{4}》
41	1	130						茶香渺渺，{0}道心清明，静心感悟天道。过往的战斗经历浮现脑海，经过一番感悟，{1}道心愈发坚定，战斗之道愈发精进，开始逐渐融汇贯通，在战斗大道上，略有收获！{2}增加了：{3}
42	1		130					茶香渺渺，{0}道心清明，静心感悟天道。过往的战斗经历浮现脑海，经过一番感悟，{1}道心愈发坚定，战斗之道愈发精进，开始逐渐融汇贯通，在战斗大道上，略有收获！{2}增加了：{3}
43	1			1300				茶香渺渺，{0}道心清明，静心感悟天道。过往的战斗经历浮现脑海，经过一番感悟，{1}道心愈发坚定，战斗之道愈发精进，开始逐渐融汇贯通，在战斗大道上，略有收获！{2}增加了：{3}
44	1				130			茶香渺渺，{0}道心清明，静心感悟天道。过往的战斗经历浮现脑海，经过一番感悟，{1}道心愈发坚定，战斗之道愈发精进，开始逐渐融汇贯通，在战斗大道上，略有收获！{2}增加了：{3}
45	1					130		茶香渺渺，{0}道心清明，静心感悟天道。过往的战斗经历浮现脑海，经过一番感悟，{1}道心愈发坚定，战斗之道愈发精进，开始逐渐融汇贯通，在战斗大道上，略有收获！{2}增加了：{3}
46	1	140						茶香渺渺，{0}道心清明，静心感悟天道。过往的战斗经历浮现脑海，经过一番感悟，{1}道心愈发坚定，战斗之道愈发精进，开始逐渐融汇贯通，在战斗大道上，略有收获！{2}增加了：{3}
47	1		140					茶香渺渺，{0}道心清明，静心感悟天道。过往的战斗经历浮现脑海，经过一番感悟，{1}道心愈发坚定，战斗之道愈发精进，开始逐渐融汇贯通，在战斗大道上，略有收获！{2}增加了：{3}
48	1			1400				茶香渺渺，{0}道心清明，静心感悟天道。过往的战斗经历浮现脑海，经过一番感悟，{1}道心愈发坚定，战斗之道愈发精进，开始逐渐融汇贯通，在战斗大道上，略有收获！{2}增加了：{3}
49	1				140			茶香渺渺，{0}道心清明，静心感悟天道。过往的战斗经历浮现脑海，经过一番感悟，{1}道心愈发坚定，战斗之道愈发精进，开始逐渐融汇贯通，在战斗大道上，略有收获！{2}增加了：{3}
50	1					140	2856	茶香渺渺，{0}道心清明，静心感悟天道。过往的战斗经历浮现脑海，经过一番感悟，{1}道心愈发坚定，战斗之道愈发精进，开始逐渐融汇贯通，在战斗大道上，略有收获！{2}增加了：{3}！同时领悟出了一套新的功法：《{4}》
51	1	150						茶香渺渺，{0}道心清明，静心感悟天道。过往的战斗经历浮现脑海，经过一番感悟，{1}道心愈发坚定，战斗之道愈发精进，开始逐渐融汇贯通，在战斗大道上，略有收获！{2}增加了：{3}
52	1		150					茶香渺渺，{0}道心清明，静心感悟天道。过往的战斗经历浮现脑海，经过一番感悟，{1}道心愈发坚定，战斗之道愈发精进，开始逐渐融汇贯通，在战斗大道上，略有收获！{2}增加了：{3}
53	1			1500				茶香渺渺，{0}道心清明，静心感悟天道。过往的战斗经历浮现脑海，经过一番感悟，{1}道心愈发坚定，战斗之道愈发精进，开始逐渐融汇贯通，在战斗大道上，略有收获！{2}增加了：{3}
54	1				150			茶香渺渺，{0}道心清明，静心感悟天道。过往的战斗经历浮现脑海，经过一番感悟，{1}道心愈发坚定，战斗之道愈发精进，开始逐渐融汇贯通，在战斗大道上，略有收获！{2}增加了：{3}
55	1					150		茶香渺渺，{0}道心清明，静心感悟天道。过往的战斗经历浮现脑海，经过一番感悟，{1}道心愈发坚定，战斗之道愈发精进，开始逐渐融汇贯通，在战斗大道上，略有收获！{2}增加了：{3}
56	1	160						茶香渺渺，{0}道心清明，静心感悟天道。过往的战斗经历浮现脑海，经过一番感悟，{1}道心愈发坚定，战斗之道愈发精进，开始逐渐融汇贯通，在战斗大道上，略有收获！{2}增加了：{3}
57	1		160					茶香渺渺，{0}道心清明，静心感悟天道。过往的战斗经历浮现脑海，经过一番感悟，{1}道心愈发坚定，战斗之道愈发精进，开始逐渐融汇贯通，在战斗大道上，略有收获！{2}增加了：{3}
58	1			1600				茶香渺渺，{0}道心清明，静心感悟天道。过往的战斗经历浮现脑海，经过一番感悟，{1}道心愈发坚定，战斗之道愈发精进，开始逐渐融汇贯通，在战斗大道上，略有收获！{2}增加了：{3}
59	1				160			茶香渺渺，{0}道心清明，静心感悟天道。过往的战斗经历浮现脑海，经过一番感悟，{1}道心愈发坚定，战斗之道愈发精进，开始逐渐融汇贯通，在战斗大道上，略有收获！{2}增加了：{3}
60	1					160	2857	茶香渺渺，{0}道心清明，静心感悟天道。过往的战斗经历浮现脑海，经过一番感悟，{1}道心愈发坚定，战斗之道愈发精进，开始逐渐融汇贯通，在战斗大道上，略有收获！{2}增加了：{3}！同时领悟出了一套新的功法：《{4}》
61	1	170						茶香渺渺，{0}道心清明，静心感悟天道。过往的战斗经历浮现脑海，经过一番感悟，{1}道心愈发坚定，战斗之道愈发精进，开始逐渐融汇贯通，在战斗大道上，略有收获！{2}增加了：{3}
62	1		170					茶香渺渺，{0}道心清明，静心感悟天道。过往的战斗经历浮现脑海，经过一番感悟，{1}道心愈发坚定，战斗之道愈发精进，开始逐渐融汇贯通，在战斗大道上，略有收获！{2}增加了：{3}
63	1			1700				茶香渺渺，{0}道心清明，静心感悟天道。过往的战斗经历浮现脑海，经过一番感悟，{1}道心愈发坚定，战斗之道愈发精进，开始逐渐融汇贯通，在战斗大道上，略有收获！{2}增加了：{3}
64	1				170			茶香渺渺，{0}道心清明，静心感悟天道。过往的战斗经历浮现脑海，经过一番感悟，{1}道心愈发坚定，战斗之道愈发精进，开始逐渐融汇贯通，在战斗大道上，略有收获！{2}增加了：{3}
65	1					170		茶香渺渺，{0}道心清明，静心感悟天道。过往的战斗经历浮现脑海，经过一番感悟，{1}道心愈发坚定，战斗之道愈发精进，开始逐渐融汇贯通，在战斗大道上，略有收获！{2}增加了：{3}
66	1	180						茶香渺渺，{0}道心清明，静心感悟天道。过往的战斗经历浮现脑海，经过一番感悟，{1}道心愈发坚定，战斗之道愈发精进，开始逐渐融汇贯通，在战斗大道上，略有收获！{2}增加了：{3}
67	1		180					茶香渺渺，{0}道心清明，静心感悟天道。过往的战斗经历浮现脑海，经过一番感悟，{1}道心愈发坚定，战斗之道愈发精进，开始逐渐融汇贯通，在战斗大道上，略有收获！{2}增加了：{3}
68	1			1800				茶香渺渺，{0}道心清明，静心感悟天道。过往的战斗经历浮现脑海，经过一番感悟，{1}道心愈发坚定，战斗之道愈发精进，开始逐渐融汇贯通，在战斗大道上，略有收获！{2}增加了：{3}
69	1				180			茶香渺渺，{0}道心清明，静心感悟天道。过往的战斗经历浮现脑海，经过一番感悟，{1}道心愈发坚定，战斗之道愈发精进，开始逐渐融汇贯通，在战斗大道上，略有收获！{2}增加了：{3}
70	1					180	2858	茶香渺渺，{0}道心清明，静心感悟天道。过往的战斗经历浮现脑海，经过一番感悟，{1}道心愈发坚定，战斗之道愈发精进，开始逐渐融汇贯通，在战斗大道上，略有收获！{2}增加了：{3}！同时领悟出了一套新的功法：《{4}》
71	1	190						茶香渺渺，{0}道心清明，静心感悟天道。过往的战斗经历浮现脑海，经过一番感悟，{1}道心愈发坚定，战斗之道愈发精进，开始逐渐融汇贯通，在战斗大道上，略有收获！{2}增加了：{3}
72	1		190					茶香渺渺，{0}道心清明，静心感悟天道。过往的战斗经历浮现脑海，经过一番感悟，{1}道心愈发坚定，战斗之道愈发精进，开始逐渐融汇贯通，在战斗大道上，略有收获！{2}增加了：{3}
73	1			1900				茶香渺渺，{0}道心清明，静心感悟天道。过往的战斗经历浮现脑海，经过一番感悟，{1}道心愈发坚定，战斗之道愈发精进，开始逐渐融汇贯通，在战斗大道上，略有收获！{2}增加了：{3}
74	1				190			茶香渺渺，{0}道心清明，静心感悟天道。过往的战斗经历浮现脑海，经过一番感悟，{1}道心愈发坚定，战斗之道愈发精进，开始逐渐融汇贯通，在战斗大道上，略有收获！{2}增加了：{3}
75	1					190		茶香渺渺，{0}道心清明，静心感悟天道。过往的战斗经历浮现脑海，经过一番感悟，{1}道心愈发坚定，战斗之道愈发精进，开始逐渐融汇贯通，在战斗大道上，略有收获！{2}增加了：{3}
76	1	200						茶香渺渺，{0}道心清明，静心感悟天道。过往的战斗经历浮现脑海，经过一番感悟，{1}道心愈发坚定，战斗之道愈发精进，开始逐渐融汇贯通，在战斗大道上，略有收获！{2}增加了：{3}
77	1		200					茶香渺渺，{0}道心清明，静心感悟天道。过往的战斗经历浮现脑海，经过一番感悟，{1}道心愈发坚定，战斗之道愈发精进，开始逐渐融汇贯通，在战斗大道上，略有收获！{2}增加了：{3}
78	1			2000				茶香渺渺，{0}道心清明，静心感悟天道。过往的战斗经历浮现脑海，经过一番感悟，{1}道心愈发坚定，战斗之道愈发精进，开始逐渐融汇贯通，在战斗大道上，略有收获！{2}增加了：{3}
79	1				200			茶香渺渺，{0}道心清明，静心感悟天道。过往的战斗经历浮现脑海，经过一番感悟，{1}道心愈发坚定，战斗之道愈发精进，开始逐渐融汇贯通，在战斗大道上，略有收获！{2}增加了：{3}
80	1					200	2859	茶香渺渺，{0}道心清明，静心感悟天道。过往的战斗经历浮现脑海，经过一番感悟，{1}道心愈发坚定，战斗之道愈发精进，开始逐渐融汇贯通，在战斗大道上，略有收获！{2}增加了：{3}！同时领悟出了一套新的功法：《{4}》
81	1	210						茶香渺渺，{0}道心清明，静心感悟天道。过往的战斗经历浮现脑海，经过一番感悟，{1}道心愈发坚定，战斗之道愈发精进，开始逐渐融汇贯通，在战斗大道上，略有收获！{2}增加了：{3}
82	1		210					茶香渺渺，{0}道心清明，静心感悟天道。过往的战斗经历浮现脑海，经过一番感悟，{1}道心愈发坚定，战斗之道愈发精进，开始逐渐融汇贯通，在战斗大道上，略有收获！{2}增加了：{3}
83	1			2100				茶香渺渺，{0}道心清明，静心感悟天道。过往的战斗经历浮现脑海，经过一番感悟，{1}道心愈发坚定，战斗之道愈发精进，开始逐渐融汇贯通，在战斗大道上，略有收获！{2}增加了：{3}
84	1				210			茶香渺渺，{0}道心清明，静心感悟天道。过往的战斗经历浮现脑海，经过一番感悟，{1}道心愈发坚定，战斗之道愈发精进，开始逐渐融汇贯通，在战斗大道上，略有收获！{2}增加了：{3}
85	1					210		茶香渺渺，{0}道心清明，静心感悟天道。过往的战斗经历浮现脑海，经过一番感悟，{1}道心愈发坚定，战斗之道愈发精进，开始逐渐融汇贯通，在战斗大道上，略有收获！{2}增加了：{3}
86	1	220						茶香渺渺，{0}道心清明，静心感悟天道。过往的战斗经历浮现脑海，经过一番感悟，{1}道心愈发坚定，战斗之道愈发精进，开始逐渐融汇贯通，在战斗大道上，略有收获！{2}增加了：{3}
87	1		220					茶香渺渺，{0}道心清明，静心感悟天道。过往的战斗经历浮现脑海，经过一番感悟，{1}道心愈发坚定，战斗之道愈发精进，开始逐渐融汇贯通，在战斗大道上，略有收获！{2}增加了：{3}
88	1			2200				茶香渺渺，{0}道心清明，静心感悟天道。过往的战斗经历浮现脑海，经过一番感悟，{1}道心愈发坚定，战斗之道愈发精进，开始逐渐融汇贯通，在战斗大道上，略有收获！{2}增加了：{3}
89	1				220			茶香渺渺，{0}道心清明，静心感悟天道。过往的战斗经历浮现脑海，经过一番感悟，{1}道心愈发坚定，战斗之道愈发精进，开始逐渐融汇贯通，在战斗大道上，略有收获！{2}增加了：{3}
90	1					220	2860	茶香渺渺，{0}道心清明，静心感悟天道。过往的战斗经历浮现脑海，经过一番感悟，{1}道心愈发坚定，战斗之道愈发精进，开始逐渐融汇贯通，在战斗大道上，略有收获！{2}增加了：{3}！同时领悟出了一套新的功法：《{4}》
91	1	230						茶香渺渺，{0}道心清明，静心感悟天道。过往的战斗经历浮现脑海，经过一番感悟，{1}道心愈发坚定，战斗之道愈发精进，开始逐渐融汇贯通，在战斗大道上，略有收获！{2}增加了：{3}
92	1		230					茶香渺渺，{0}道心清明，静心感悟天道。过往的战斗经历浮现脑海，经过一番感悟，{1}道心愈发坚定，战斗之道愈发精进，开始逐渐融汇贯通，在战斗大道上，略有收获！{2}增加了：{3}
93	1			2300				茶香渺渺，{0}道心清明，静心感悟天道。过往的战斗经历浮现脑海，经过一番感悟，{1}道心愈发坚定，战斗之道愈发精进，开始逐渐融汇贯通，在战斗大道上，略有收获！{2}增加了：{3}
94	1				230			茶香渺渺，{0}道心清明，静心感悟天道。过往的战斗经历浮现脑海，经过一番感悟，{1}道心愈发坚定，战斗之道愈发精进，开始逐渐融汇贯通，在战斗大道上，略有收获！{2}增加了：{3}
95	1					230		茶香渺渺，{0}道心清明，静心感悟天道。过往的战斗经历浮现脑海，经过一番感悟，{1}道心愈发坚定，战斗之道愈发精进，开始逐渐融汇贯通，在战斗大道上，略有收获！{2}增加了：{3}
96	1	240						茶香渺渺，{0}道心清明，静心感悟天道。过往的战斗经历浮现脑海，经过一番感悟，{1}道心愈发坚定，战斗之道愈发精进，开始逐渐融汇贯通，在战斗大道上，略有收获！{2}增加了：{3}
97	1		240					茶香渺渺，{0}道心清明，静心感悟天道。过往的战斗经历浮现脑海，经过一番感悟，{1}道心愈发坚定，战斗之道愈发精进，开始逐渐融汇贯通，在战斗大道上，略有收获！{2}增加了：{3}
98	1			2400				茶香渺渺，{0}道心清明，静心感悟天道。过往的战斗经历浮现脑海，经过一番感悟，{1}道心愈发坚定，战斗之道愈发精进，开始逐渐融汇贯通，在战斗大道上，略有收获！{2}增加了：{3}
99	1				240			茶香渺渺，{0}道心清明，静心感悟天道。过往的战斗经历浮现脑海，经过一番感悟，{1}道心愈发坚定，战斗之道愈发精进，开始逐渐融汇贯通，在战斗大道上，略有收获！{2}增加了：{3}
100	1					240	2861	茶香渺渺，{0}道心清明，静心感悟天道。过往的战斗经历浮现脑海，经过一番感悟，{1}道心愈发坚定，战斗之道愈发精进，开始逐渐融汇贯通，在战斗大道上，略有收获！{2}增加了：{3}！同时领悟出了一套新的功法：《{4}》
101	1	250						茶香渺渺，{0}道心清明，静心感悟天道。过往的战斗经历浮现脑海，经过一番感悟，{1}道心愈发坚定，战斗之道愈发精进，开始逐渐融汇贯通，在战斗大道上，略有收获！{2}增加了：{3}
102	1		250					茶香渺渺，{0}道心清明，静心感悟天道。过往的战斗经历浮现脑海，经过一番感悟，{1}道心愈发坚定，战斗之道愈发精进，开始逐渐融汇贯通，在战斗大道上，略有收获！{2}增加了：{3}
103	1			2500				茶香渺渺，{0}道心清明，静心感悟天道。过往的战斗经历浮现脑海，经过一番感悟，{1}道心愈发坚定，战斗之道愈发精进，开始逐渐融汇贯通，在战斗大道上，略有收获！{2}增加了：{3}
104	1				250			茶香渺渺，{0}道心清明，静心感悟天道。过往的战斗经历浮现脑海，经过一番感悟，{1}道心愈发坚定，战斗之道愈发精进，开始逐渐融汇贯通，在战斗大道上，略有收获！{2}增加了：{3}
105	1					250		茶香渺渺，{0}道心清明，静心感悟天道。过往的战斗经历浮现脑海，经过一番感悟，{1}道心愈发坚定，战斗之道愈发精进，开始逐渐融汇贯通，在战斗大道上，略有收获！{2}增加了：{3}
106	1	260						茶香渺渺，{0}道心清明，静心感悟天道。过往的战斗经历浮现脑海，经过一番感悟，{1}道心愈发坚定，战斗之道愈发精进，开始逐渐融汇贯通，在战斗大道上，略有收获！{2}增加了：{3}
107	1		260					茶香渺渺，{0}道心清明，静心感悟天道。过往的战斗经历浮现脑海，经过一番感悟，{1}道心愈发坚定，战斗之道愈发精进，开始逐渐融汇贯通，在战斗大道上，略有收获！{2}增加了：{3}
108	1			2600				茶香渺渺，{0}道心清明，静心感悟天道。过往的战斗经历浮现脑海，经过一番感悟，{1}道心愈发坚定，战斗之道愈发精进，开始逐渐融汇贯通，在战斗大道上，略有收获！{2}增加了：{3}
109	1				260			茶香渺渺，{0}道心清明，静心感悟天道。过往的战斗经历浮现脑海，经过一番感悟，{1}道心愈发坚定，战斗之道愈发精进，开始逐渐融汇贯通，在战斗大道上，略有收获！{2}增加了：{3}
110	1					260	2862	茶香渺渺，{0}道心清明，静心感悟天道。过往的战斗经历浮现脑海，经过一番感悟，{1}道心愈发坚定，战斗之道愈发精进，开始逐渐融汇贯通，在战斗大道上，略有收获！{2}增加了：{3}！同时领悟出了一套新的功法：《{4}》
111	1	270						茶香渺渺，{0}道心清明，静心感悟天道。过往的战斗经历浮现脑海，经过一番感悟，{1}道心愈发坚定，战斗之道愈发精进，开始逐渐融汇贯通，在战斗大道上，略有收获！{2}增加了：{3}
112	1		270					茶香渺渺，{0}道心清明，静心感悟天道。过往的战斗经历浮现脑海，经过一番感悟，{1}道心愈发坚定，战斗之道愈发精进，开始逐渐融汇贯通，在战斗大道上，略有收获！{2}增加了：{3}
113	1			2700				茶香渺渺，{0}道心清明，静心感悟天道。过往的战斗经历浮现脑海，经过一番感悟，{1}道心愈发坚定，战斗之道愈发精进，开始逐渐融汇贯通，在战斗大道上，略有收获！{2}增加了：{3}
114	1				270			茶香渺渺，{0}道心清明，静心感悟天道。过往的战斗经历浮现脑海，经过一番感悟，{1}道心愈发坚定，战斗之道愈发精进，开始逐渐融汇贯通，在战斗大道上，略有收获！{2}增加了：{3}
115	1					270		茶香渺渺，{0}道心清明，静心感悟天道。过往的战斗经历浮现脑海，经过一番感悟，{1}道心愈发坚定，战斗之道愈发精进，开始逐渐融汇贯通，在战斗大道上，略有收获！{2}增加了：{3}
116	1	280						茶香渺渺，{0}道心清明，静心感悟天道。过往的战斗经历浮现脑海，经过一番感悟，{1}道心愈发坚定，战斗之道愈发精进，开始逐渐融汇贯通，在战斗大道上，略有收获！{2}增加了：{3}
117	1		280					茶香渺渺，{0}道心清明，静心感悟天道。过往的战斗经历浮现脑海，经过一番感悟，{1}道心愈发坚定，战斗之道愈发精进，开始逐渐融汇贯通，在战斗大道上，略有收获！{2}增加了：{3}
118	1			2800				茶香渺渺，{0}道心清明，静心感悟天道。过往的战斗经历浮现脑海，经过一番感悟，{1}道心愈发坚定，战斗之道愈发精进，开始逐渐融汇贯通，在战斗大道上，略有收获！{2}增加了：{3}
119	1				280			茶香渺渺，{0}道心清明，静心感悟天道。过往的战斗经历浮现脑海，经过一番感悟，{1}道心愈发坚定，战斗之道愈发精进，开始逐渐融汇贯通，在战斗大道上，略有收获！{2}增加了：{3}
120	1					280	2863	茶香渺渺，{0}道心清明，静心感悟天道。过往的战斗经历浮现脑海，经过一番感悟，{1}道心愈发坚定，战斗之道愈发精进，开始逐渐融汇贯通，在战斗大道上，略有收获！{2}增加了：{3}！同时领悟出了一套新的功法：《{4}》
121	1	290						茶香渺渺，{0}道心清明，静心感悟天道。过往的战斗经历浮现脑海，经过一番感悟，{1}道心愈发坚定，战斗之道愈发精进，开始逐渐融汇贯通，在战斗大道上，略有收获！{2}增加了：{3}
122	1		290					茶香渺渺，{0}道心清明，静心感悟天道。过往的战斗经历浮现脑海，经过一番感悟，{1}道心愈发坚定，战斗之道愈发精进，开始逐渐融汇贯通，在战斗大道上，略有收获！{2}增加了：{3}
123	1			2900				茶香渺渺，{0}道心清明，静心感悟天道。过往的战斗经历浮现脑海，经过一番感悟，{1}道心愈发坚定，战斗之道愈发精进，开始逐渐融汇贯通，在战斗大道上，略有收获！{2}增加了：{3}
124	1				290			茶香渺渺，{0}道心清明，静心感悟天道。过往的战斗经历浮现脑海，经过一番感悟，{1}道心愈发坚定，战斗之道愈发精进，开始逐渐融汇贯通，在战斗大道上，略有收获！{2}增加了：{3}
125	1					290		茶香渺渺，{0}道心清明，静心感悟天道。过往的战斗经历浮现脑海，经过一番感悟，{1}道心愈发坚定，战斗之道愈发精进，开始逐渐融汇贯通，在战斗大道上，略有收获！{2}增加了：{3}
126	1	300						茶香渺渺，{0}道心清明，静心感悟天道。过往的战斗经历浮现脑海，经过一番感悟，{1}道心愈发坚定，战斗之道愈发精进，开始逐渐融汇贯通，在战斗大道上，略有收获！{2}增加了：{3}
127	1		300					茶香渺渺，{0}道心清明，静心感悟天道。过往的战斗经历浮现脑海，经过一番感悟，{1}道心愈发坚定，战斗之道愈发精进，开始逐渐融汇贯通，在战斗大道上，略有收获！{2}增加了：{3}
128	1			3000				茶香渺渺，{0}道心清明，静心感悟天道。过往的战斗经历浮现脑海，经过一番感悟，{1}道心愈发坚定，战斗之道愈发精进，开始逐渐融汇贯通，在战斗大道上，略有收获！{2}增加了：{3}
129	1				300			茶香渺渺，{0}道心清明，静心感悟天道。过往的战斗经历浮现脑海，经过一番感悟，{1}道心愈发坚定，战斗之道愈发精进，开始逐渐融汇贯通，在战斗大道上，略有收获！{2}增加了：{3}
130	1					300	2864	茶香渺渺，{0}道心清明，静心感悟天道。过往的战斗经历浮现脑海，经过一番感悟，{1}道心愈发坚定，战斗之道愈发精进，开始逐渐融汇贯通，在战斗大道上，略有收获！{2}增加了：{3}！同时领悟出了一套新的功法：《{4}》
131	1	310						茶香渺渺，{0}道心清明，静心感悟天道。过往的战斗经历浮现脑海，经过一番感悟，{1}道心愈发坚定，战斗之道愈发精进，开始逐渐融汇贯通，在战斗大道上，略有收获！{2}增加了：{3}
132	1		310					茶香渺渺，{0}道心清明，静心感悟天道。过往的战斗经历浮现脑海，经过一番感悟，{1}道心愈发坚定，战斗之道愈发精进，开始逐渐融汇贯通，在战斗大道上，略有收获！{2}增加了：{3}
133	1			3100				茶香渺渺，{0}道心清明，静心感悟天道。过往的战斗经历浮现脑海，经过一番感悟，{1}道心愈发坚定，战斗之道愈发精进，开始逐渐融汇贯通，在战斗大道上，略有收获！{2}增加了：{3}
134	1				310			茶香渺渺，{0}道心清明，静心感悟天道。过往的战斗经历浮现脑海，经过一番感悟，{1}道心愈发坚定，战斗之道愈发精进，开始逐渐融汇贯通，在战斗大道上，略有收获！{2}增加了：{3}
135	1					310		茶香渺渺，{0}道心清明，静心感悟天道。过往的战斗经历浮现脑海，经过一番感悟，{1}道心愈发坚定，战斗之道愈发精进，开始逐渐融汇贯通，在战斗大道上，略有收获！{2}增加了：{3}
136	1	320						茶香渺渺，{0}道心清明，静心感悟天道。过往的战斗经历浮现脑海，经过一番感悟，{1}道心愈发坚定，战斗之道愈发精进，开始逐渐融汇贯通，在战斗大道上，略有收获！{2}增加了：{3}
137	1		320					茶香渺渺，{0}道心清明，静心感悟天道。过往的战斗经历浮现脑海，经过一番感悟，{1}道心愈发坚定，战斗之道愈发精进，开始逐渐融汇贯通，在战斗大道上，略有收获！{2}增加了：{3}
138	1			3200				茶香渺渺，{0}道心清明，静心感悟天道。过往的战斗经历浮现脑海，经过一番感悟，{1}道心愈发坚定，战斗之道愈发精进，开始逐渐融汇贯通，在战斗大道上，略有收获！{2}增加了：{3}
139	1				320			茶香渺渺，{0}道心清明，静心感悟天道。过往的战斗经历浮现脑海，经过一番感悟，{1}道心愈发坚定，战斗之道愈发精进，开始逐渐融汇贯通，在战斗大道上，略有收获！{2}增加了：{3}
140	1					320	2865	茶香渺渺，{0}道心清明，静心感悟天道。过往的战斗经历浮现脑海，经过一番感悟，{1}道心愈发坚定，战斗之道愈发精进，开始逐渐融汇贯通，在战斗大道上，略有收获！{2}增加了：{3}！同时领悟出了一套新的功法：《{4}》
141	1	330						茶香渺渺，{0}道心清明，静心感悟天道。过往的战斗经历浮现脑海，经过一番感悟，{1}道心愈发坚定，战斗之道愈发精进，开始逐渐融汇贯通，在战斗大道上，略有收获！{2}增加了：{3}
142	1		330					茶香渺渺，{0}道心清明，静心感悟天道。过往的战斗经历浮现脑海，经过一番感悟，{1}道心愈发坚定，战斗之道愈发精进，开始逐渐融汇贯通，在战斗大道上，略有收获！{2}增加了：{3}
143	1			3300				茶香渺渺，{0}道心清明，静心感悟天道。过往的战斗经历浮现脑海，经过一番感悟，{1}道心愈发坚定，战斗之道愈发精进，开始逐渐融汇贯通，在战斗大道上，略有收获！{2}增加了：{3}
144	1				330			茶香渺渺，{0}道心清明，静心感悟天道。过往的战斗经历浮现脑海，经过一番感悟，{1}道心愈发坚定，战斗之道愈发精进，开始逐渐融汇贯通，在战斗大道上，略有收获！{2}增加了：{3}
145	1					330		茶香渺渺，{0}道心清明，静心感悟天道。过往的战斗经历浮现脑海，经过一番感悟，{1}道心愈发坚定，战斗之道愈发精进，开始逐渐融汇贯通，在战斗大道上，略有收获！{2}增加了：{3}
146	1	340						茶香渺渺，{0}道心清明，静心感悟天道。过往的战斗经历浮现脑海，经过一番感悟，{1}道心愈发坚定，战斗之道愈发精进，开始逐渐融汇贯通，在战斗大道上，略有收获！{2}增加了：{3}
147	1		340					茶香渺渺，{0}道心清明，静心感悟天道。过往的战斗经历浮现脑海，经过一番感悟，{1}道心愈发坚定，战斗之道愈发精进，开始逐渐融汇贯通，在战斗大道上，略有收获！{2}增加了：{3}
148	1			3400				茶香渺渺，{0}道心清明，静心感悟天道。过往的战斗经历浮现脑海，经过一番感悟，{1}道心愈发坚定，战斗之道愈发精进，开始逐渐融汇贯通，在战斗大道上，略有收获！{2}增加了：{3}
149	1				340			茶香渺渺，{0}道心清明，静心感悟天道。过往的战斗经历浮现脑海，经过一番感悟，{1}道心愈发坚定，战斗之道愈发精进，开始逐渐融汇贯通，在战斗大道上，略有收获！{2}增加了：{3}
150	1					340	2866	茶香渺渺，{0}道心清明，静心感悟天道。过往的战斗经历浮现脑海，经过一番感悟，{1}道心愈发坚定，战斗之道愈发精进，开始逐渐融汇贯通，在战斗大道上，略有收获！{2}增加了：{3}！同时领悟出了一套新的功法：《{4}》
151	1	350						茶香渺渺，{0}道心清明，静心感悟天道。过往的战斗经历浮现脑海，经过一番感悟，{1}道心愈发坚定，战斗之道愈发精进，开始逐渐融汇贯通，在战斗大道上，略有收获！{2}增加了：{3}
152	1		350					茶香渺渺，{0}道心清明，静心感悟天道。过往的战斗经历浮现脑海，经过一番感悟，{1}道心愈发坚定，战斗之道愈发精进，开始逐渐融汇贯通，在战斗大道上，略有收获！{2}增加了：{3}
153	1			3500				茶香渺渺，{0}道心清明，静心感悟天道。过往的战斗经历浮现脑海，经过一番感悟，{1}道心愈发坚定，战斗之道愈发精进，开始逐渐融汇贯通，在战斗大道上，略有收获！{2}增加了：{3}
154	1				350			茶香渺渺，{0}道心清明，静心感悟天道。过往的战斗经历浮现脑海，经过一番感悟，{1}道心愈发坚定，战斗之道愈发精进，开始逐渐融汇贯通，在战斗大道上，略有收获！{2}增加了：{3}
155	1					350		茶香渺渺，{0}道心清明，静心感悟天道。过往的战斗经历浮现脑海，经过一番感悟，{1}道心愈发坚定，战斗之道愈发精进，开始逐渐融汇贯通，在战斗大道上，略有收获！{2}增加了：{3}
156	1	360						茶香渺渺，{0}道心清明，静心感悟天道。过往的战斗经历浮现脑海，经过一番感悟，{1}道心愈发坚定，战斗之道愈发精进，开始逐渐融汇贯通，在战斗大道上，略有收获！{2}增加了：{3}
157	1		360					茶香渺渺，{0}道心清明，静心感悟天道。过往的战斗经历浮现脑海，经过一番感悟，{1}道心愈发坚定，战斗之道愈发精进，开始逐渐融汇贯通，在战斗大道上，略有收获！{2}增加了：{3}
158	1			3600				茶香渺渺，{0}道心清明，静心感悟天道。过往的战斗经历浮现脑海，经过一番感悟，{1}道心愈发坚定，战斗之道愈发精进，开始逐渐融汇贯通，在战斗大道上，略有收获！{2}增加了：{3}
159	1				360			茶香渺渺，{0}道心清明，静心感悟天道。过往的战斗经历浮现脑海，经过一番感悟，{1}道心愈发坚定，战斗之道愈发精进，开始逐渐融汇贯通，在战斗大道上，略有收获！{2}增加了：{3}
160	1					360	2867	茶香渺渺，{0}道心清明，静心感悟天道。过往的战斗经历浮现脑海，经过一番感悟，{1}道心愈发坚定，战斗之道愈发精进，开始逐渐融汇贯通，在战斗大道上，略有收获！{2}增加了：{3}！同时领悟出了一套新的功法：《{4}》
161	1	370						茶香渺渺，{0}道心清明，静心感悟天道。过往的战斗经历浮现脑海，经过一番感悟，{1}道心愈发坚定，战斗之道愈发精进，开始逐渐融汇贯通，在战斗大道上，略有收获！{2}增加了：{3}
162	1		370					茶香渺渺，{0}道心清明，静心感悟天道。过往的战斗经历浮现脑海，经过一番感悟，{1}道心愈发坚定，战斗之道愈发精进，开始逐渐融汇贯通，在战斗大道上，略有收获！{2}增加了：{3}
163	1			3700				茶香渺渺，{0}道心清明，静心感悟天道。过往的战斗经历浮现脑海，经过一番感悟，{1}道心愈发坚定，战斗之道愈发精进，开始逐渐融汇贯通，在战斗大道上，略有收获！{2}增加了：{3}
164	1				370			茶香渺渺，{0}道心清明，静心感悟天道。过往的战斗经历浮现脑海，经过一番感悟，{1}道心愈发坚定，战斗之道愈发精进，开始逐渐融汇贯通，在战斗大道上，略有收获！{2}增加了：{3}
165	1					370		茶香渺渺，{0}道心清明，静心感悟天道。过往的战斗经历浮现脑海，经过一番感悟，{1}道心愈发坚定，战斗之道愈发精进，开始逐渐融汇贯通，在战斗大道上，略有收获！{2}增加了：{3}
166	1	380						茶香渺渺，{0}道心清明，静心感悟天道。过往的战斗经历浮现脑海，经过一番感悟，{1}道心愈发坚定，战斗之道愈发精进，开始逐渐融汇贯通，在战斗大道上，略有收获！{2}增加了：{3}
167	1		380					茶香渺渺，{0}道心清明，静心感悟天道。过往的战斗经历浮现脑海，经过一番感悟，{1}道心愈发坚定，战斗之道愈发精进，开始逐渐融汇贯通，在战斗大道上，略有收获！{2}增加了：{3}
168	1			3800				茶香渺渺，{0}道心清明，静心感悟天道。过往的战斗经历浮现脑海，经过一番感悟，{1}道心愈发坚定，战斗之道愈发精进，开始逐渐融汇贯通，在战斗大道上，略有收获！{2}增加了：{3}
169	1				380			茶香渺渺，{0}道心清明，静心感悟天道。过往的战斗经历浮现脑海，经过一番感悟，{1}道心愈发坚定，战斗之道愈发精进，开始逐渐融汇贯通，在战斗大道上，略有收获！{2}增加了：{3}
170	1					380	2868	茶香渺渺，{0}道心清明，静心感悟天道。过往的战斗经历浮现脑海，经过一番感悟，{1}道心愈发坚定，战斗之道愈发精进，开始逐渐融汇贯通，在战斗大道上，略有收获！{2}增加了：{3}！同时领悟出了一套新的功法：《{4}》
171	1	390						茶香渺渺，{0}道心清明，静心感悟天道。过往的战斗经历浮现脑海，经过一番感悟，{1}道心愈发坚定，战斗之道愈发精进，开始逐渐融汇贯通，在战斗大道上，略有收获！{2}增加了：{3}
172	1		390					茶香渺渺，{0}道心清明，静心感悟天道。过往的战斗经历浮现脑海，经过一番感悟，{1}道心愈发坚定，战斗之道愈发精进，开始逐渐融汇贯通，在战斗大道上，略有收获！{2}增加了：{3}
173	1			3900				茶香渺渺，{0}道心清明，静心感悟天道。过往的战斗经历浮现脑海，经过一番感悟，{1}道心愈发坚定，战斗之道愈发精进，开始逐渐融汇贯通，在战斗大道上，略有收获！{2}增加了：{3}
174	1				390			茶香渺渺，{0}道心清明，静心感悟天道。过往的战斗经历浮现脑海，经过一番感悟，{1}道心愈发坚定，战斗之道愈发精进，开始逐渐融汇贯通，在战斗大道上，略有收获！{2}增加了：{3}
175	1					390		茶香渺渺，{0}道心清明，静心感悟天道。过往的战斗经历浮现脑海，经过一番感悟，{1}道心愈发坚定，战斗之道愈发精进，开始逐渐融汇贯通，在战斗大道上，略有收获！{2}增加了：{3}
176	1	400						茶香渺渺，{0}道心清明，静心感悟天道。过往的战斗经历浮现脑海，经过一番感悟，{1}道心愈发坚定，战斗之道愈发精进，开始逐渐融汇贯通，在战斗大道上，略有收获！{2}增加了：{3}
177	1		400					茶香渺渺，{0}道心清明，静心感悟天道。过往的战斗经历浮现脑海，经过一番感悟，{1}道心愈发坚定，战斗之道愈发精进，开始逐渐融汇贯通，在战斗大道上，略有收获！{2}增加了：{3}
178	1			4000				茶香渺渺，{0}道心清明，静心感悟天道。过往的战斗经历浮现脑海，经过一番感悟，{1}道心愈发坚定，战斗之道愈发精进，开始逐渐融汇贯通，在战斗大道上，略有收获！{2}增加了：{3}
179	1				400			茶香渺渺，{0}道心清明，静心感悟天道。过往的战斗经历浮现脑海，经过一番感悟，{1}道心愈发坚定，战斗之道愈发精进，开始逐渐融汇贯通，在战斗大道上，略有收获！{2}增加了：{3}
180	1					400	2869	茶香渺渺，{0}道心清明，静心感悟天道。过往的战斗经历浮现脑海，经过一番感悟，{1}道心愈发坚定，战斗之道愈发精进，开始逐渐融汇贯通，在战斗大道上，略有收获！{2}增加了：{3}！同时领悟出了一套新的功法：《{4}》
181	2	410						茶香渺渺，{0}道心清明，静心感悟天道。过往的战斗经历浮现脑海，经过一番感悟，{1}道心愈发坚定，战斗之道愈发精进，开始逐渐融汇贯通，在战斗大道上，略有收获！{2}增加了：{3}
182	2		410					茶香渺渺，{0}道心清明，静心感悟天道。过往的战斗经历浮现脑海，经过一番感悟，{1}道心愈发坚定，战斗之道愈发精进，开始逐渐融汇贯通，在战斗大道上，略有收获！{2}增加了：{3}
183	2			4100				茶香渺渺，{0}道心清明，静心感悟天道。过往的战斗经历浮现脑海，经过一番感悟，{1}道心愈发坚定，战斗之道愈发精进，开始逐渐融汇贯通，在战斗大道上，略有收获！{2}增加了：{3}
184	2				410			茶香渺渺，{0}道心清明，静心感悟天道。过往的战斗经历浮现脑海，经过一番感悟，{1}道心愈发坚定，战斗之道愈发精进，开始逐渐融汇贯通，在战斗大道上，略有收获！{2}增加了：{3}
185	2					410		茶香渺渺，{0}道心清明，静心感悟天道。过往的战斗经历浮现脑海，经过一番感悟，{1}道心愈发坚定，战斗之道愈发精进，开始逐渐融汇贯通，在战斗大道上，略有收获！{2}增加了：{3}
186	2	420						茶香渺渺，{0}道心清明，静心感悟天道。过往的战斗经历浮现脑海，经过一番感悟，{1}道心愈发坚定，战斗之道愈发精进，开始逐渐融汇贯通，在战斗大道上，略有收获！{2}增加了：{3}
187	2		420					茶香渺渺，{0}道心清明，静心感悟天道。过往的战斗经历浮现脑海，经过一番感悟，{1}道心愈发坚定，战斗之道愈发精进，开始逐渐融汇贯通，在战斗大道上，略有收获！{2}增加了：{3}
188	2			4200				茶香渺渺，{0}道心清明，静心感悟天道。过往的战斗经历浮现脑海，经过一番感悟，{1}道心愈发坚定，战斗之道愈发精进，开始逐渐融汇贯通，在战斗大道上，略有收获！{2}增加了：{3}
189	2				420			茶香渺渺，{0}道心清明，静心感悟天道。过往的战斗经历浮现脑海，经过一番感悟，{1}道心愈发坚定，战斗之道愈发精进，开始逐渐融汇贯通，在战斗大道上，略有收获！{2}增加了：{3}
190	2					420		茶香渺渺，{0}道心清明，静心感悟天道。过往的战斗经历浮现脑海，经过一番感悟，{1}道心愈发坚定，战斗之道愈发精进，开始逐渐融汇贯通，在战斗大道上，略有收获！{2}增加了：{3}
191	2	430						茶香渺渺，{0}道心清明，静心感悟天道。过往的战斗经历浮现脑海，经过一番感悟，{1}道心愈发坚定，战斗之道愈发精进，开始逐渐融汇贯通，在战斗大道上，略有收获！{2}增加了：{3}
192	2		430					茶香渺渺，{0}道心清明，静心感悟天道。过往的战斗经历浮现脑海，经过一番感悟，{1}道心愈发坚定，战斗之道愈发精进，开始逐渐融汇贯通，在战斗大道上，略有收获！{2}增加了：{3}
193	2			4300				茶香渺渺，{0}道心清明，静心感悟天道。过往的战斗经历浮现脑海，经过一番感悟，{1}道心愈发坚定，战斗之道愈发精进，开始逐渐融汇贯通，在战斗大道上，略有收获！{2}增加了：{3}
194	2				430			茶香渺渺，{0}道心清明，静心感悟天道。过往的战斗经历浮现脑海，经过一番感悟，{1}道心愈发坚定，战斗之道愈发精进，开始逐渐融汇贯通，在战斗大道上，略有收获！{2}增加了：{3}
195	2					430	2937	茶香渺渺，{0}道心清明，静心感悟天道。过往的战斗经历浮现脑海，经过一番感悟，{1}道心愈发坚定，战斗之道愈发精进，开始逐渐融汇贯通，在战斗大道上，略有收获！{2}增加了：{3}！同时领悟出了一套新的功法：《{4}》
196	2	440						茶香渺渺，{0}道心清明，静心感悟天道。过往的战斗经历浮现脑海，经过一番感悟，{1}道心愈发坚定，战斗之道愈发精进，开始逐渐融汇贯通，在战斗大道上，略有收获！{2}增加了：{3}
197	2		440					茶香渺渺，{0}道心清明，静心感悟天道。过往的战斗经历浮现脑海，经过一番感悟，{1}道心愈发坚定，战斗之道愈发精进，开始逐渐融汇贯通，在战斗大道上，略有收获！{2}增加了：{3}
198	2			4400				茶香渺渺，{0}道心清明，静心感悟天道。过往的战斗经历浮现脑海，经过一番感悟，{1}道心愈发坚定，战斗之道愈发精进，开始逐渐融汇贯通，在战斗大道上，略有收获！{2}增加了：{3}
199	2				440			茶香渺渺，{0}道心清明，静心感悟天道。过往的战斗经历浮现脑海，经过一番感悟，{1}道心愈发坚定，战斗之道愈发精进，开始逐渐融汇贯通，在战斗大道上，略有收获！{2}增加了：{3}
200	2					440		茶香渺渺，{0}道心清明，静心感悟天道。过往的战斗经历浮现脑海，经过一番感悟，{1}道心愈发坚定，战斗之道愈发精进，开始逐渐融汇贯通，在战斗大道上，略有收获！{2}增加了：{3}
201	2	450						茶香渺渺，{0}道心清明，静心感悟天道。过往的战斗经历浮现脑海，经过一番感悟，{1}道心愈发坚定，战斗之道愈发精进，开始逐渐融汇贯通，在战斗大道上，略有收获！{2}增加了：{3}
202	2		450					茶香渺渺，{0}道心清明，静心感悟天道。过往的战斗经历浮现脑海，经过一番感悟，{1}道心愈发坚定，战斗之道愈发精进，开始逐渐融汇贯通，在战斗大道上，略有收获！{2}增加了：{3}
203	2			4500				茶香渺渺，{0}道心清明，静心感悟天道。过往的战斗经历浮现脑海，经过一番感悟，{1}道心愈发坚定，战斗之道愈发精进，开始逐渐融汇贯通，在战斗大道上，略有收获！{2}增加了：{3}
204	2				450			茶香渺渺，{0}道心清明，静心感悟天道。过往的战斗经历浮现脑海，经过一番感悟，{1}道心愈发坚定，战斗之道愈发精进，开始逐渐融汇贯通，在战斗大道上，略有收获！{2}增加了：{3}
205	2					450		茶香渺渺，{0}道心清明，静心感悟天道。过往的战斗经历浮现脑海，经过一番感悟，{1}道心愈发坚定，战斗之道愈发精进，开始逐渐融汇贯通，在战斗大道上，略有收获！{2}增加了：{3}
206	2	460						茶香渺渺，{0}道心清明，静心感悟天道。过往的战斗经历浮现脑海，经过一番感悟，{1}道心愈发坚定，战斗之道愈发精进，开始逐渐融汇贯通，在战斗大道上，略有收获！{2}增加了：{3}
207	2		460					茶香渺渺，{0}道心清明，静心感悟天道。过往的战斗经历浮现脑海，经过一番感悟，{1}道心愈发坚定，战斗之道愈发精进，开始逐渐融汇贯通，在战斗大道上，略有收获！{2}增加了：{3}
208	2			4600				茶香渺渺，{0}道心清明，静心感悟天道。过往的战斗经历浮现脑海，经过一番感悟，{1}道心愈发坚定，战斗之道愈发精进，开始逐渐融汇贯通，在战斗大道上，略有收获！{2}增加了：{3}
209	2				460			茶香渺渺，{0}道心清明，静心感悟天道。过往的战斗经历浮现脑海，经过一番感悟，{1}道心愈发坚定，战斗之道愈发精进，开始逐渐融汇贯通，在战斗大道上，略有收获！{2}增加了：{3}
210	2					460	2938	茶香渺渺，{0}道心清明，静心感悟天道。过往的战斗经历浮现脑海，经过一番感悟，{1}道心愈发坚定，战斗之道愈发精进，开始逐渐融汇贯通，在战斗大道上，略有收获！{2}增加了：{3}！同时领悟出了一套新的功法：《{4}》
211	2	470						茶香渺渺，{0}道心清明，静心感悟天道。过往的战斗经历浮现脑海，经过一番感悟，{1}道心愈发坚定，战斗之道愈发精进，开始逐渐融汇贯通，在战斗大道上，略有收获！{2}增加了：{3}
212	2		470					茶香渺渺，{0}道心清明，静心感悟天道。过往的战斗经历浮现脑海，经过一番感悟，{1}道心愈发坚定，战斗之道愈发精进，开始逐渐融汇贯通，在战斗大道上，略有收获！{2}增加了：{3}
213	2			4700				茶香渺渺，{0}道心清明，静心感悟天道。过往的战斗经历浮现脑海，经过一番感悟，{1}道心愈发坚定，战斗之道愈发精进，开始逐渐融汇贯通，在战斗大道上，略有收获！{2}增加了：{3}
214	2				470			茶香渺渺，{0}道心清明，静心感悟天道。过往的战斗经历浮现脑海，经过一番感悟，{1}道心愈发坚定，战斗之道愈发精进，开始逐渐融汇贯通，在战斗大道上，略有收获！{2}增加了：{3}
215	2					470		茶香渺渺，{0}道心清明，静心感悟天道。过往的战斗经历浮现脑海，经过一番感悟，{1}道心愈发坚定，战斗之道愈发精进，开始逐渐融汇贯通，在战斗大道上，略有收获！{2}增加了：{3}
216	2	480						茶香渺渺，{0}道心清明，静心感悟天道。过往的战斗经历浮现脑海，经过一番感悟，{1}道心愈发坚定，战斗之道愈发精进，开始逐渐融汇贯通，在战斗大道上，略有收获！{2}增加了：{3}
217	2		480					茶香渺渺，{0}道心清明，静心感悟天道。过往的战斗经历浮现脑海，经过一番感悟，{1}道心愈发坚定，战斗之道愈发精进，开始逐渐融汇贯通，在战斗大道上，略有收获！{2}增加了：{3}
218	2			4800				茶香渺渺，{0}道心清明，静心感悟天道。过往的战斗经历浮现脑海，经过一番感悟，{1}道心愈发坚定，战斗之道愈发精进，开始逐渐融汇贯通，在战斗大道上，略有收获！{2}增加了：{3}
219	2				480			茶香渺渺，{0}道心清明，静心感悟天道。过往的战斗经历浮现脑海，经过一番感悟，{1}道心愈发坚定，战斗之道愈发精进，开始逐渐融汇贯通，在战斗大道上，略有收获！{2}增加了：{3}
220	2					480		茶香渺渺，{0}道心清明，静心感悟天道。过往的战斗经历浮现脑海，经过一番感悟，{1}道心愈发坚定，战斗之道愈发精进，开始逐渐融汇贯通，在战斗大道上，略有收获！{2}增加了：{3}
221	2	490						茶香渺渺，{0}道心清明，静心感悟天道。过往的战斗经历浮现脑海，经过一番感悟，{1}道心愈发坚定，战斗之道愈发精进，开始逐渐融汇贯通，在战斗大道上，略有收获！{2}增加了：{3}
222	2		490					茶香渺渺，{0}道心清明，静心感悟天道。过往的战斗经历浮现脑海，经过一番感悟，{1}道心愈发坚定，战斗之道愈发精进，开始逐渐融汇贯通，在战斗大道上，略有收获！{2}增加了：{3}
223	2			4900				茶香渺渺，{0}道心清明，静心感悟天道。过往的战斗经历浮现脑海，经过一番感悟，{1}道心愈发坚定，战斗之道愈发精进，开始逐渐融汇贯通，在战斗大道上，略有收获！{2}增加了：{3}
224	2				490			茶香渺渺，{0}道心清明，静心感悟天道。过往的战斗经历浮现脑海，经过一番感悟，{1}道心愈发坚定，战斗之道愈发精进，开始逐渐融汇贯通，在战斗大道上，略有收获！{2}增加了：{3}
225	2					490	2939	茶香渺渺，{0}道心清明，静心感悟天道。过往的战斗经历浮现脑海，经过一番感悟，{1}道心愈发坚定，战斗之道愈发精进，开始逐渐融汇贯通，在战斗大道上，略有收获！{2}增加了：{3}！同时领悟出了一套新的功法：《{4}》
226	2	500						茶香渺渺，{0}道心清明，静心感悟天道。过往的战斗经历浮现脑海，经过一番感悟，{1}道心愈发坚定，战斗之道愈发精进，开始逐渐融汇贯通，在战斗大道上，略有收获！{2}增加了：{3}
227	2		500					茶香渺渺，{0}道心清明，静心感悟天道。过往的战斗经历浮现脑海，经过一番感悟，{1}道心愈发坚定，战斗之道愈发精进，开始逐渐融汇贯通，在战斗大道上，略有收获！{2}增加了：{3}
228	2			5000				茶香渺渺，{0}道心清明，静心感悟天道。过往的战斗经历浮现脑海，经过一番感悟，{1}道心愈发坚定，战斗之道愈发精进，开始逐渐融汇贯通，在战斗大道上，略有收获！{2}增加了：{3}
229	2				500			茶香渺渺，{0}道心清明，静心感悟天道。过往的战斗经历浮现脑海，经过一番感悟，{1}道心愈发坚定，战斗之道愈发精进，开始逐渐融汇贯通，在战斗大道上，略有收获！{2}增加了：{3}
230	2					500		茶香渺渺，{0}道心清明，静心感悟天道。过往的战斗经历浮现脑海，经过一番感悟，{1}道心愈发坚定，战斗之道愈发精进，开始逐渐融汇贯通，在战斗大道上，略有收获！{2}增加了：{3}
231	2	510						茶香渺渺，{0}道心清明，静心感悟天道。过往的战斗经历浮现脑海，经过一番感悟，{1}道心愈发坚定，战斗之道愈发精进，开始逐渐融汇贯通，在战斗大道上，略有收获！{2}增加了：{3}
232	2		510					茶香渺渺，{0}道心清明，静心感悟天道。过往的战斗经历浮现脑海，经过一番感悟，{1}道心愈发坚定，战斗之道愈发精进，开始逐渐融汇贯通，在战斗大道上，略有收获！{2}增加了：{3}
233	2			5100				茶香渺渺，{0}道心清明，静心感悟天道。过往的战斗经历浮现脑海，经过一番感悟，{1}道心愈发坚定，战斗之道愈发精进，开始逐渐融汇贯通，在战斗大道上，略有收获！{2}增加了：{3}
234	2				510			茶香渺渺，{0}道心清明，静心感悟天道。过往的战斗经历浮现脑海，经过一番感悟，{1}道心愈发坚定，战斗之道愈发精进，开始逐渐融汇贯通，在战斗大道上，略有收获！{2}增加了：{3}
235	2					510		茶香渺渺，{0}道心清明，静心感悟天道。过往的战斗经历浮现脑海，经过一番感悟，{1}道心愈发坚定，战斗之道愈发精进，开始逐渐融汇贯通，在战斗大道上，略有收获！{2}增加了：{3}
236	2	520						茶香渺渺，{0}道心清明，静心感悟天道。过往的战斗经历浮现脑海，经过一番感悟，{1}道心愈发坚定，战斗之道愈发精进，开始逐渐融汇贯通，在战斗大道上，略有收获！{2}增加了：{3}
237	2		520					茶香渺渺，{0}道心清明，静心感悟天道。过往的战斗经历浮现脑海，经过一番感悟，{1}道心愈发坚定，战斗之道愈发精进，开始逐渐融汇贯通，在战斗大道上，略有收获！{2}增加了：{3}
238	2			5200				茶香渺渺，{0}道心清明，静心感悟天道。过往的战斗经历浮现脑海，经过一番感悟，{1}道心愈发坚定，战斗之道愈发精进，开始逐渐融汇贯通，在战斗大道上，略有收获！{2}增加了：{3}
239	2				520			茶香渺渺，{0}道心清明，静心感悟天道。过往的战斗经历浮现脑海，经过一番感悟，{1}道心愈发坚定，战斗之道愈发精进，开始逐渐融汇贯通，在战斗大道上，略有收获！{2}增加了：{3}
240	2					520	2940	茶香渺渺，{0}道心清明，静心感悟天道。过往的战斗经历浮现脑海，经过一番感悟，{1}道心愈发坚定，战斗之道愈发精进，开始逐渐融汇贯通，在战斗大道上，略有收获！{2}增加了：{3}！同时领悟出了一套新的功法：《{4}》
241	2	530						茶香渺渺，{0}道心清明，静心感悟天道。过往的战斗经历浮现脑海，经过一番感悟，{1}道心愈发坚定，战斗之道愈发精进，开始逐渐融汇贯通，在战斗大道上，略有收获！{2}增加了：{3}
242	2		530					茶香渺渺，{0}道心清明，静心感悟天道。过往的战斗经历浮现脑海，经过一番感悟，{1}道心愈发坚定，战斗之道愈发精进，开始逐渐融汇贯通，在战斗大道上，略有收获！{2}增加了：{3}
243	2			5300				茶香渺渺，{0}道心清明，静心感悟天道。过往的战斗经历浮现脑海，经过一番感悟，{1}道心愈发坚定，战斗之道愈发精进，开始逐渐融汇贯通，在战斗大道上，略有收获！{2}增加了：{3}
244	2				530			茶香渺渺，{0}道心清明，静心感悟天道。过往的战斗经历浮现脑海，经过一番感悟，{1}道心愈发坚定，战斗之道愈发精进，开始逐渐融汇贯通，在战斗大道上，略有收获！{2}增加了：{3}
245	2					530		茶香渺渺，{0}道心清明，静心感悟天道。过往的战斗经历浮现脑海，经过一番感悟，{1}道心愈发坚定，战斗之道愈发精进，开始逐渐融汇贯通，在战斗大道上，略有收获！{2}增加了：{3}
246	2	540						茶香渺渺，{0}道心清明，静心感悟天道。过往的战斗经历浮现脑海，经过一番感悟，{1}道心愈发坚定，战斗之道愈发精进，开始逐渐融汇贯通，在战斗大道上，略有收获！{2}增加了：{3}
247	2		540					茶香渺渺，{0}道心清明，静心感悟天道。过往的战斗经历浮现脑海，经过一番感悟，{1}道心愈发坚定，战斗之道愈发精进，开始逐渐融汇贯通，在战斗大道上，略有收获！{2}增加了：{3}
248	2			5400				茶香渺渺，{0}道心清明，静心感悟天道。过往的战斗经历浮现脑海，经过一番感悟，{1}道心愈发坚定，战斗之道愈发精进，开始逐渐融汇贯通，在战斗大道上，略有收获！{2}增加了：{3}
249	2				540			茶香渺渺，{0}道心清明，静心感悟天道。过往的战斗经历浮现脑海，经过一番感悟，{1}道心愈发坚定，战斗之道愈发精进，开始逐渐融汇贯通，在战斗大道上，略有收获！{2}增加了：{3}
250	2					540		茶香渺渺，{0}道心清明，静心感悟天道。过往的战斗经历浮现脑海，经过一番感悟，{1}道心愈发坚定，战斗之道愈发精进，开始逐渐融汇贯通，在战斗大道上，略有收获！{2}增加了：{3}
251	2	550						茶香渺渺，{0}道心清明，静心感悟天道。过往的战斗经历浮现脑海，经过一番感悟，{1}道心愈发坚定，战斗之道愈发精进，开始逐渐融汇贯通，在战斗大道上，略有收获！{2}增加了：{3}
252	2		550					茶香渺渺，{0}道心清明，静心感悟天道。过往的战斗经历浮现脑海，经过一番感悟，{1}道心愈发坚定，战斗之道愈发精进，开始逐渐融汇贯通，在战斗大道上，略有收获！{2}增加了：{3}
253	2			5500				茶香渺渺，{0}道心清明，静心感悟天道。过往的战斗经历浮现脑海，经过一番感悟，{1}道心愈发坚定，战斗之道愈发精进，开始逐渐融汇贯通，在战斗大道上，略有收获！{2}增加了：{3}
254	2				550			茶香渺渺，{0}道心清明，静心感悟天道。过往的战斗经历浮现脑海，经过一番感悟，{1}道心愈发坚定，战斗之道愈发精进，开始逐渐融汇贯通，在战斗大道上，略有收获！{2}增加了：{3}
255	2					550	2941	茶香渺渺，{0}道心清明，静心感悟天道。过往的战斗经历浮现脑海，经过一番感悟，{1}道心愈发坚定，战斗之道愈发精进，开始逐渐融汇贯通，在战斗大道上，略有收获！{2}增加了：{3}！同时领悟出了一套新的功法：《{4}》
256	2	560						茶香渺渺，{0}道心清明，静心感悟天道。过往的战斗经历浮现脑海，经过一番感悟，{1}道心愈发坚定，战斗之道愈发精进，开始逐渐融汇贯通，在战斗大道上，略有收获！{2}增加了：{3}
257	2		560					茶香渺渺，{0}道心清明，静心感悟天道。过往的战斗经历浮现脑海，经过一番感悟，{1}道心愈发坚定，战斗之道愈发精进，开始逐渐融汇贯通，在战斗大道上，略有收获！{2}增加了：{3}
258	2			5600				茶香渺渺，{0}道心清明，静心感悟天道。过往的战斗经历浮现脑海，经过一番感悟，{1}道心愈发坚定，战斗之道愈发精进，开始逐渐融汇贯通，在战斗大道上，略有收获！{2}增加了：{3}
259	2				560			茶香渺渺，{0}道心清明，静心感悟天道。过往的战斗经历浮现脑海，经过一番感悟，{1}道心愈发坚定，战斗之道愈发精进，开始逐渐融汇贯通，在战斗大道上，略有收获！{2}增加了：{3}
260	2					560		茶香渺渺，{0}道心清明，静心感悟天道。过往的战斗经历浮现脑海，经过一番感悟，{1}道心愈发坚定，战斗之道愈发精进，开始逐渐融汇贯通，在战斗大道上，略有收获！{2}增加了：{3}
261	2	570						茶香渺渺，{0}道心清明，静心感悟天道。过往的战斗经历浮现脑海，经过一番感悟，{1}道心愈发坚定，战斗之道愈发精进，开始逐渐融汇贯通，在战斗大道上，略有收获！{2}增加了：{3}
262	2		570					茶香渺渺，{0}道心清明，静心感悟天道。过往的战斗经历浮现脑海，经过一番感悟，{1}道心愈发坚定，战斗之道愈发精进，开始逐渐融汇贯通，在战斗大道上，略有收获！{2}增加了：{3}
263	2			5700				茶香渺渺，{0}道心清明，静心感悟天道。过往的战斗经历浮现脑海，经过一番感悟，{1}道心愈发坚定，战斗之道愈发精进，开始逐渐融汇贯通，在战斗大道上，略有收获！{2}增加了：{3}
264	2				570			茶香渺渺，{0}道心清明，静心感悟天道。过往的战斗经历浮现脑海，经过一番感悟，{1}道心愈发坚定，战斗之道愈发精进，开始逐渐融汇贯通，在战斗大道上，略有收获！{2}增加了：{3}
265	2					570		茶香渺渺，{0}道心清明，静心感悟天道。过往的战斗经历浮现脑海，经过一番感悟，{1}道心愈发坚定，战斗之道愈发精进，开始逐渐融汇贯通，在战斗大道上，略有收获！{2}增加了：{3}
266	2	580						茶香渺渺，{0}道心清明，静心感悟天道。过往的战斗经历浮现脑海，经过一番感悟，{1}道心愈发坚定，战斗之道愈发精进，开始逐渐融汇贯通，在战斗大道上，略有收获！{2}增加了：{3}
267	2		580					茶香渺渺，{0}道心清明，静心感悟天道。过往的战斗经历浮现脑海，经过一番感悟，{1}道心愈发坚定，战斗之道愈发精进，开始逐渐融汇贯通，在战斗大道上，略有收获！{2}增加了：{3}
268	2			5800				茶香渺渺，{0}道心清明，静心感悟天道。过往的战斗经历浮现脑海，经过一番感悟，{1}道心愈发坚定，战斗之道愈发精进，开始逐渐融汇贯通，在战斗大道上，略有收获！{2}增加了：{3}
269	2				580			茶香渺渺，{0}道心清明，静心感悟天道。过往的战斗经历浮现脑海，经过一番感悟，{1}道心愈发坚定，战斗之道愈发精进，开始逐渐融汇贯通，在战斗大道上，略有收获！{2}增加了：{3}
270	2					580	2942	茶香渺渺，{0}道心清明，静心感悟天道。过往的战斗经历浮现脑海，经过一番感悟，{1}道心愈发坚定，战斗之道愈发精进，开始逐渐融汇贯通，在战斗大道上，略有收获！{2}增加了：{3}！同时领悟出了一套新的功法：《{4}》
271	2	590						茶香渺渺，{0}道心清明，静心感悟天道。过往的战斗经历浮现脑海，经过一番感悟，{1}道心愈发坚定，战斗之道愈发精进，开始逐渐融汇贯通，在战斗大道上，略有收获！{2}增加了：{3}
272	2		590					茶香渺渺，{0}道心清明，静心感悟天道。过往的战斗经历浮现脑海，经过一番感悟，{1}道心愈发坚定，战斗之道愈发精进，开始逐渐融汇贯通，在战斗大道上，略有收获！{2}增加了：{3}
273	2			5900				茶香渺渺，{0}道心清明，静心感悟天道。过往的战斗经历浮现脑海，经过一番感悟，{1}道心愈发坚定，战斗之道愈发精进，开始逐渐融汇贯通，在战斗大道上，略有收获！{2}增加了：{3}
274	2				590			茶香渺渺，{0}道心清明，静心感悟天道。过往的战斗经历浮现脑海，经过一番感悟，{1}道心愈发坚定，战斗之道愈发精进，开始逐渐融汇贯通，在战斗大道上，略有收获！{2}增加了：{3}
275	2					590		茶香渺渺，{0}道心清明，静心感悟天道。过往的战斗经历浮现脑海，经过一番感悟，{1}道心愈发坚定，战斗之道愈发精进，开始逐渐融汇贯通，在战斗大道上，略有收获！{2}增加了：{3}
276	2	600						茶香渺渺，{0}道心清明，静心感悟天道。过往的战斗经历浮现脑海，经过一番感悟，{1}道心愈发坚定，战斗之道愈发精进，开始逐渐融汇贯通，在战斗大道上，略有收获！{2}增加了：{3}
277	2		600					茶香渺渺，{0}道心清明，静心感悟天道。过往的战斗经历浮现脑海，经过一番感悟，{1}道心愈发坚定，战斗之道愈发精进，开始逐渐融汇贯通，在战斗大道上，略有收获！{2}增加了：{3}
278	2			6000				茶香渺渺，{0}道心清明，静心感悟天道。过往的战斗经历浮现脑海，经过一番感悟，{1}道心愈发坚定，战斗之道愈发精进，开始逐渐融汇贯通，在战斗大道上，略有收获！{2}增加了：{3}
279	2				600			茶香渺渺，{0}道心清明，静心感悟天道。过往的战斗经历浮现脑海，经过一番感悟，{1}道心愈发坚定，战斗之道愈发精进，开始逐渐融汇贯通，在战斗大道上，略有收获！{2}增加了：{3}
280	2					600		茶香渺渺，{0}道心清明，静心感悟天道。过往的战斗经历浮现脑海，经过一番感悟，{1}道心愈发坚定，战斗之道愈发精进，开始逐渐融汇贯通，在战斗大道上，略有收获！{2}增加了：{3}
281	2	610						茶香渺渺，{0}道心清明，静心感悟天道。过往的战斗经历浮现脑海，经过一番感悟，{1}道心愈发坚定，战斗之道愈发精进，开始逐渐融汇贯通，在战斗大道上，略有收获！{2}增加了：{3}
282	2		610					茶香渺渺，{0}道心清明，静心感悟天道。过往的战斗经历浮现脑海，经过一番感悟，{1}道心愈发坚定，战斗之道愈发精进，开始逐渐融汇贯通，在战斗大道上，略有收获！{2}增加了：{3}
283	2			6100				茶香渺渺，{0}道心清明，静心感悟天道。过往的战斗经历浮现脑海，经过一番感悟，{1}道心愈发坚定，战斗之道愈发精进，开始逐渐融汇贯通，在战斗大道上，略有收获！{2}增加了：{3}
284	2				610			茶香渺渺，{0}道心清明，静心感悟天道。过往的战斗经历浮现脑海，经过一番感悟，{1}道心愈发坚定，战斗之道愈发精进，开始逐渐融汇贯通，在战斗大道上，略有收获！{2}增加了：{3}
285	2					610	2943	茶香渺渺，{0}道心清明，静心感悟天道。过往的战斗经历浮现脑海，经过一番感悟，{1}道心愈发坚定，战斗之道愈发精进，开始逐渐融汇贯通，在战斗大道上，略有收获！{2}增加了：{3}！同时领悟出了一套新的功法：《{4}》
286	2	620						茶香渺渺，{0}道心清明，静心感悟天道。过往的战斗经历浮现脑海，经过一番感悟，{1}道心愈发坚定，战斗之道愈发精进，开始逐渐融汇贯通，在战斗大道上，略有收获！{2}增加了：{3}
287	2		620					茶香渺渺，{0}道心清明，静心感悟天道。过往的战斗经历浮现脑海，经过一番感悟，{1}道心愈发坚定，战斗之道愈发精进，开始逐渐融汇贯通，在战斗大道上，略有收获！{2}增加了：{3}
288	2			6200				茶香渺渺，{0}道心清明，静心感悟天道。过往的战斗经历浮现脑海，经过一番感悟，{1}道心愈发坚定，战斗之道愈发精进，开始逐渐融汇贯通，在战斗大道上，略有收获！{2}增加了：{3}
289	2				620			茶香渺渺，{0}道心清明，静心感悟天道。过往的战斗经历浮现脑海，经过一番感悟，{1}道心愈发坚定，战斗之道愈发精进，开始逐渐融汇贯通，在战斗大道上，略有收获！{2}增加了：{3}
290	2					620		茶香渺渺，{0}道心清明，静心感悟天道。过往的战斗经历浮现脑海，经过一番感悟，{1}道心愈发坚定，战斗之道愈发精进，开始逐渐融汇贯通，在战斗大道上，略有收获！{2}增加了：{3}
291	2	630						茶香渺渺，{0}道心清明，静心感悟天道。过往的战斗经历浮现脑海，经过一番感悟，{1}道心愈发坚定，战斗之道愈发精进，开始逐渐融汇贯通，在战斗大道上，略有收获！{2}增加了：{3}
292	2		630					茶香渺渺，{0}道心清明，静心感悟天道。过往的战斗经历浮现脑海，经过一番感悟，{1}道心愈发坚定，战斗之道愈发精进，开始逐渐融汇贯通，在战斗大道上，略有收获！{2}增加了：{3}
293	2			6300				茶香渺渺，{0}道心清明，静心感悟天道。过往的战斗经历浮现脑海，经过一番感悟，{1}道心愈发坚定，战斗之道愈发精进，开始逐渐融汇贯通，在战斗大道上，略有收获！{2}增加了：{3}
294	2				630			茶香渺渺，{0}道心清明，静心感悟天道。过往的战斗经历浮现脑海，经过一番感悟，{1}道心愈发坚定，战斗之道愈发精进，开始逐渐融汇贯通，在战斗大道上，略有收获！{2}增加了：{3}
295	2					630		茶香渺渺，{0}道心清明，静心感悟天道。过往的战斗经历浮现脑海，经过一番感悟，{1}道心愈发坚定，战斗之道愈发精进，开始逐渐融汇贯通，在战斗大道上，略有收获！{2}增加了：{3}
296	2	640						茶香渺渺，{0}道心清明，静心感悟天道。过往的战斗经历浮现脑海，经过一番感悟，{1}道心愈发坚定，战斗之道愈发精进，开始逐渐融汇贯通，在战斗大道上，略有收获！{2}增加了：{3}
297	2		640					茶香渺渺，{0}道心清明，静心感悟天道。过往的战斗经历浮现脑海，经过一番感悟，{1}道心愈发坚定，战斗之道愈发精进，开始逐渐融汇贯通，在战斗大道上，略有收获！{2}增加了：{3}
298	2			6400				茶香渺渺，{0}道心清明，静心感悟天道。过往的战斗经历浮现脑海，经过一番感悟，{1}道心愈发坚定，战斗之道愈发精进，开始逐渐融汇贯通，在战斗大道上，略有收获！{2}增加了：{3}
299	2				640			茶香渺渺，{0}道心清明，静心感悟天道。过往的战斗经历浮现脑海，经过一番感悟，{1}道心愈发坚定，战斗之道愈发精进，开始逐渐融汇贯通，在战斗大道上，略有收获！{2}增加了：{3}
300	2					640	2944	茶香渺渺，{0}道心清明，静心感悟天道。过往的战斗经历浮现脑海，经过一番感悟，{1}道心愈发坚定，战斗之道愈发精进，开始逐渐融汇贯通，在战斗大道上，略有收获！{2}增加了：{3}！同时领悟出了一套新的功法：《{4}》
301	2	650						茶香渺渺，{0}道心清明，静心感悟天道。过往的战斗经历浮现脑海，经过一番感悟，{1}道心愈发坚定，战斗之道愈发精进，开始逐渐融汇贯通，在战斗大道上，略有收获！{2}增加了：{3}
302	2		650					茶香渺渺，{0}道心清明，静心感悟天道。过往的战斗经历浮现脑海，经过一番感悟，{1}道心愈发坚定，战斗之道愈发精进，开始逐渐融汇贯通，在战斗大道上，略有收获！{2}增加了：{3}
303	2			6500				茶香渺渺，{0}道心清明，静心感悟天道。过往的战斗经历浮现脑海，经过一番感悟，{1}道心愈发坚定，战斗之道愈发精进，开始逐渐融汇贯通，在战斗大道上，略有收获！{2}增加了：{3}
304	2				650			茶香渺渺，{0}道心清明，静心感悟天道。过往的战斗经历浮现脑海，经过一番感悟，{1}道心愈发坚定，战斗之道愈发精进，开始逐渐融汇贯通，在战斗大道上，略有收获！{2}增加了：{3}
305	2					650		茶香渺渺，{0}道心清明，静心感悟天道。过往的战斗经历浮现脑海，经过一番感悟，{1}道心愈发坚定，战斗之道愈发精进，开始逐渐融汇贯通，在战斗大道上，略有收获！{2}增加了：{3}
306	2	660						茶香渺渺，{0}道心清明，静心感悟天道。过往的战斗经历浮现脑海，经过一番感悟，{1}道心愈发坚定，战斗之道愈发精进，开始逐渐融汇贯通，在战斗大道上，略有收获！{2}增加了：{3}
307	2		660					茶香渺渺，{0}道心清明，静心感悟天道。过往的战斗经历浮现脑海，经过一番感悟，{1}道心愈发坚定，战斗之道愈发精进，开始逐渐融汇贯通，在战斗大道上，略有收获！{2}增加了：{3}
308	2			6600				茶香渺渺，{0}道心清明，静心感悟天道。过往的战斗经历浮现脑海，经过一番感悟，{1}道心愈发坚定，战斗之道愈发精进，开始逐渐融汇贯通，在战斗大道上，略有收获！{2}增加了：{3}
309	2				660			茶香渺渺，{0}道心清明，静心感悟天道。过往的战斗经历浮现脑海，经过一番感悟，{1}道心愈发坚定，战斗之道愈发精进，开始逐渐融汇贯通，在战斗大道上，略有收获！{2}增加了：{3}
310	2					660		茶香渺渺，{0}道心清明，静心感悟天道。过往的战斗经历浮现脑海，经过一番感悟，{1}道心愈发坚定，战斗之道愈发精进，开始逐渐融汇贯通，在战斗大道上，略有收获！{2}增加了：{3}
311	2	670						茶香渺渺，{0}道心清明，静心感悟天道。过往的战斗经历浮现脑海，经过一番感悟，{1}道心愈发坚定，战斗之道愈发精进，开始逐渐融汇贯通，在战斗大道上，略有收获！{2}增加了：{3}
312	2		670					茶香渺渺，{0}道心清明，静心感悟天道。过往的战斗经历浮现脑海，经过一番感悟，{1}道心愈发坚定，战斗之道愈发精进，开始逐渐融汇贯通，在战斗大道上，略有收获！{2}增加了：{3}
313	2			6700				茶香渺渺，{0}道心清明，静心感悟天道。过往的战斗经历浮现脑海，经过一番感悟，{1}道心愈发坚定，战斗之道愈发精进，开始逐渐融汇贯通，在战斗大道上，略有收获！{2}增加了：{3}
314	2				670			茶香渺渺，{0}道心清明，静心感悟天道。过往的战斗经历浮现脑海，经过一番感悟，{1}道心愈发坚定，战斗之道愈发精进，开始逐渐融汇贯通，在战斗大道上，略有收获！{2}增加了：{3}
315	2					670	2945	茶香渺渺，{0}道心清明，静心感悟天道。过往的战斗经历浮现脑海，经过一番感悟，{1}道心愈发坚定，战斗之道愈发精进，开始逐渐融汇贯通，在战斗大道上，略有收获！{2}增加了：{3}！同时领悟出了一套新的功法：《{4}》
316	2	680						茶香渺渺，{0}道心清明，静心感悟天道。过往的战斗经历浮现脑海，经过一番感悟，{1}道心愈发坚定，战斗之道愈发精进，开始逐渐融汇贯通，在战斗大道上，略有收获！{2}增加了：{3}
317	2		680					茶香渺渺，{0}道心清明，静心感悟天道。过往的战斗经历浮现脑海，经过一番感悟，{1}道心愈发坚定，战斗之道愈发精进，开始逐渐融汇贯通，在战斗大道上，略有收获！{2}增加了：{3}
318	2			6800				茶香渺渺，{0}道心清明，静心感悟天道。过往的战斗经历浮现脑海，经过一番感悟，{1}道心愈发坚定，战斗之道愈发精进，开始逐渐融汇贯通，在战斗大道上，略有收获！{2}增加了：{3}
319	2				680			茶香渺渺，{0}道心清明，静心感悟天道。过往的战斗经历浮现脑海，经过一番感悟，{1}道心愈发坚定，战斗之道愈发精进，开始逐渐融汇贯通，在战斗大道上，略有收获！{2}增加了：{3}
320	2					680		茶香渺渺，{0}道心清明，静心感悟天道。过往的战斗经历浮现脑海，经过一番感悟，{1}道心愈发坚定，战斗之道愈发精进，开始逐渐融汇贯通，在战斗大道上，略有收获！{2}增加了：{3}
321	2	690						茶香渺渺，{0}道心清明，静心感悟天道。过往的战斗经历浮现脑海，经过一番感悟，{1}道心愈发坚定，战斗之道愈发精进，开始逐渐融汇贯通，在战斗大道上，略有收获！{2}增加了：{3}
322	2		690					茶香渺渺，{0}道心清明，静心感悟天道。过往的战斗经历浮现脑海，经过一番感悟，{1}道心愈发坚定，战斗之道愈发精进，开始逐渐融汇贯通，在战斗大道上，略有收获！{2}增加了：{3}
323	2			6900				茶香渺渺，{0}道心清明，静心感悟天道。过往的战斗经历浮现脑海，经过一番感悟，{1}道心愈发坚定，战斗之道愈发精进，开始逐渐融汇贯通，在战斗大道上，略有收获！{2}增加了：{3}
324	2				690			茶香渺渺，{0}道心清明，静心感悟天道。过往的战斗经历浮现脑海，经过一番感悟，{1}道心愈发坚定，战斗之道愈发精进，开始逐渐融汇贯通，在战斗大道上，略有收获！{2}增加了：{3}
325	2					690		茶香渺渺，{0}道心清明，静心感悟天道。过往的战斗经历浮现脑海，经过一番感悟，{1}道心愈发坚定，战斗之道愈发精进，开始逐渐融汇贯通，在战斗大道上，略有收获！{2}增加了：{3}
326	2	700						茶香渺渺，{0}道心清明，静心感悟天道。过往的战斗经历浮现脑海，经过一番感悟，{1}道心愈发坚定，战斗之道愈发精进，开始逐渐融汇贯通，在战斗大道上，略有收获！{2}增加了：{3}
327	2		700					茶香渺渺，{0}道心清明，静心感悟天道。过往的战斗经历浮现脑海，经过一番感悟，{1}道心愈发坚定，战斗之道愈发精进，开始逐渐融汇贯通，在战斗大道上，略有收获！{2}增加了：{3}
328	2			7000				茶香渺渺，{0}道心清明，静心感悟天道。过往的战斗经历浮现脑海，经过一番感悟，{1}道心愈发坚定，战斗之道愈发精进，开始逐渐融汇贯通，在战斗大道上，略有收获！{2}增加了：{3}
329	2				700			茶香渺渺，{0}道心清明，静心感悟天道。过往的战斗经历浮现脑海，经过一番感悟，{1}道心愈发坚定，战斗之道愈发精进，开始逐渐融汇贯通，在战斗大道上，略有收获！{2}增加了：{3}
330	2					700	2946	茶香渺渺，{0}道心清明，静心感悟天道。过往的战斗经历浮现脑海，经过一番感悟，{1}道心愈发坚定，战斗之道愈发精进，开始逐渐融汇贯通，在战斗大道上，略有收获！{2}增加了：{3}！同时领悟出了一套新的功法：《{4}》
331	2	710						茶香渺渺，{0}道心清明，静心感悟天道。过往的战斗经历浮现脑海，经过一番感悟，{1}道心愈发坚定，战斗之道愈发精进，开始逐渐融汇贯通，在战斗大道上，略有收获！{2}增加了：{3}
332	2		710					茶香渺渺，{0}道心清明，静心感悟天道。过往的战斗经历浮现脑海，经过一番感悟，{1}道心愈发坚定，战斗之道愈发精进，开始逐渐融汇贯通，在战斗大道上，略有收获！{2}增加了：{3}
333	2			7100				茶香渺渺，{0}道心清明，静心感悟天道。过往的战斗经历浮现脑海，经过一番感悟，{1}道心愈发坚定，战斗之道愈发精进，开始逐渐融汇贯通，在战斗大道上，略有收获！{2}增加了：{3}
334	2				710			茶香渺渺，{0}道心清明，静心感悟天道。过往的战斗经历浮现脑海，经过一番感悟，{1}道心愈发坚定，战斗之道愈发精进，开始逐渐融汇贯通，在战斗大道上，略有收获！{2}增加了：{3}
335	2					710		茶香渺渺，{0}道心清明，静心感悟天道。过往的战斗经历浮现脑海，经过一番感悟，{1}道心愈发坚定，战斗之道愈发精进，开始逐渐融汇贯通，在战斗大道上，略有收获！{2}增加了：{3}
336	2	720						茶香渺渺，{0}道心清明，静心感悟天道。过往的战斗经历浮现脑海，经过一番感悟，{1}道心愈发坚定，战斗之道愈发精进，开始逐渐融汇贯通，在战斗大道上，略有收获！{2}增加了：{3}
337	2		720					茶香渺渺，{0}道心清明，静心感悟天道。过往的战斗经历浮现脑海，经过一番感悟，{1}道心愈发坚定，战斗之道愈发精进，开始逐渐融汇贯通，在战斗大道上，略有收获！{2}增加了：{3}
338	2			7200				茶香渺渺，{0}道心清明，静心感悟天道。过往的战斗经历浮现脑海，经过一番感悟，{1}道心愈发坚定，战斗之道愈发精进，开始逐渐融汇贯通，在战斗大道上，略有收获！{2}增加了：{3}
339	2				720			茶香渺渺，{0}道心清明，静心感悟天道。过往的战斗经历浮现脑海，经过一番感悟，{1}道心愈发坚定，战斗之道愈发精进，开始逐渐融汇贯通，在战斗大道上，略有收获！{2}增加了：{3}
340	2					720		茶香渺渺，{0}道心清明，静心感悟天道。过往的战斗经历浮现脑海，经过一番感悟，{1}道心愈发坚定，战斗之道愈发精进，开始逐渐融汇贯通，在战斗大道上，略有收获！{2}增加了：{3}
341	2	730						茶香渺渺，{0}道心清明，静心感悟天道。过往的战斗经历浮现脑海，经过一番感悟，{1}道心愈发坚定，战斗之道愈发精进，开始逐渐融汇贯通，在战斗大道上，略有收获！{2}增加了：{3}
342	2		730					茶香渺渺，{0}道心清明，静心感悟天道。过往的战斗经历浮现脑海，经过一番感悟，{1}道心愈发坚定，战斗之道愈发精进，开始逐渐融汇贯通，在战斗大道上，略有收获！{2}增加了：{3}
343	2			7300				茶香渺渺，{0}道心清明，静心感悟天道。过往的战斗经历浮现脑海，经过一番感悟，{1}道心愈发坚定，战斗之道愈发精进，开始逐渐融汇贯通，在战斗大道上，略有收获！{2}增加了：{3}
344	2				730			茶香渺渺，{0}道心清明，静心感悟天道。过往的战斗经历浮现脑海，经过一番感悟，{1}道心愈发坚定，战斗之道愈发精进，开始逐渐融汇贯通，在战斗大道上，略有收获！{2}增加了：{3}
345	2					730	2947	茶香渺渺，{0}道心清明，静心感悟天道。过往的战斗经历浮现脑海，经过一番感悟，{1}道心愈发坚定，战斗之道愈发精进，开始逐渐融汇贯通，在战斗大道上，略有收获！{2}增加了：{3}！同时领悟出了一套新的功法：《{4}》
346	2	740						茶香渺渺，{0}道心清明，静心感悟天道。过往的战斗经历浮现脑海，经过一番感悟，{1}道心愈发坚定，战斗之道愈发精进，开始逐渐融汇贯通，在战斗大道上，略有收获！{2}增加了：{3}
347	2		740					茶香渺渺，{0}道心清明，静心感悟天道。过往的战斗经历浮现脑海，经过一番感悟，{1}道心愈发坚定，战斗之道愈发精进，开始逐渐融汇贯通，在战斗大道上，略有收获！{2}增加了：{3}
348	2			7400				茶香渺渺，{0}道心清明，静心感悟天道。过往的战斗经历浮现脑海，经过一番感悟，{1}道心愈发坚定，战斗之道愈发精进，开始逐渐融汇贯通，在战斗大道上，略有收获！{2}增加了：{3}
349	2				740			茶香渺渺，{0}道心清明，静心感悟天道。过往的战斗经历浮现脑海，经过一番感悟，{1}道心愈发坚定，战斗之道愈发精进，开始逐渐融汇贯通，在战斗大道上，略有收获！{2}增加了：{3}
350	2					740		茶香渺渺，{0}道心清明，静心感悟天道。过往的战斗经历浮现脑海，经过一番感悟，{1}道心愈发坚定，战斗之道愈发精进，开始逐渐融汇贯通，在战斗大道上，略有收获！{2}增加了：{3}
351	2	750						茶香渺渺，{0}道心清明，静心感悟天道。过往的战斗经历浮现脑海，经过一番感悟，{1}道心愈发坚定，战斗之道愈发精进，开始逐渐融汇贯通，在战斗大道上，略有收获！{2}增加了：{3}
352	2		750					茶香渺渺，{0}道心清明，静心感悟天道。过往的战斗经历浮现脑海，经过一番感悟，{1}道心愈发坚定，战斗之道愈发精进，开始逐渐融汇贯通，在战斗大道上，略有收获！{2}增加了：{3}
353	2			7500				茶香渺渺，{0}道心清明，静心感悟天道。过往的战斗经历浮现脑海，经过一番感悟，{1}道心愈发坚定，战斗之道愈发精进，开始逐渐融汇贯通，在战斗大道上，略有收获！{2}增加了：{3}
354	2				750			茶香渺渺，{0}道心清明，静心感悟天道。过往的战斗经历浮现脑海，经过一番感悟，{1}道心愈发坚定，战斗之道愈发精进，开始逐渐融汇贯通，在战斗大道上，略有收获！{2}增加了：{3}
355	2					750		茶香渺渺，{0}道心清明，静心感悟天道。过往的战斗经历浮现脑海，经过一番感悟，{1}道心愈发坚定，战斗之道愈发精进，开始逐渐融汇贯通，在战斗大道上，略有收获！{2}增加了：{3}
356	2	760						茶香渺渺，{0}道心清明，静心感悟天道。过往的战斗经历浮现脑海，经过一番感悟，{1}道心愈发坚定，战斗之道愈发精进，开始逐渐融汇贯通，在战斗大道上，略有收获！{2}增加了：{3}
357	2		760					茶香渺渺，{0}道心清明，静心感悟天道。过往的战斗经历浮现脑海，经过一番感悟，{1}道心愈发坚定，战斗之道愈发精进，开始逐渐融汇贯通，在战斗大道上，略有收获！{2}增加了：{3}
358	2			7600				茶香渺渺，{0}道心清明，静心感悟天道。过往的战斗经历浮现脑海，经过一番感悟，{1}道心愈发坚定，战斗之道愈发精进，开始逐渐融汇贯通，在战斗大道上，略有收获！{2}增加了：{3}
359	2				760			茶香渺渺，{0}道心清明，静心感悟天道。过往的战斗经历浮现脑海，经过一番感悟，{1}道心愈发坚定，战斗之道愈发精进，开始逐渐融汇贯通，在战斗大道上，略有收获！{2}增加了：{3}
360	2					760	2948	茶香渺渺，{0}道心清明，静心感悟天道。过往的战斗经历浮现脑海，经过一番感悟，{1}道心愈发坚定，战斗之道愈发精进，开始逐渐融汇贯通，在战斗大道上，略有收获！{2}增加了：{3}！同时领悟出了一套新的功法：《{4}》
361	3	770						茶香渺渺，{0}道心清明，静心感悟天道。过往的战斗经历浮现脑海，经过一番感悟，{1}道心愈发坚定，战斗之道愈发精进，开始逐渐融汇贯通，在战斗大道上，略有收获！{2}增加了：{3}
362	3		770					茶香渺渺，{0}道心清明，静心感悟天道。过往的战斗经历浮现脑海，经过一番感悟，{1}道心愈发坚定，战斗之道愈发精进，开始逐渐融汇贯通，在战斗大道上，略有收获！{2}增加了：{3}
363	3			7700				茶香渺渺，{0}道心清明，静心感悟天道。过往的战斗经历浮现脑海，经过一番感悟，{1}道心愈发坚定，战斗之道愈发精进，开始逐渐融汇贯通，在战斗大道上，略有收获！{2}增加了：{3}
364	3				770			茶香渺渺，{0}道心清明，静心感悟天道。过往的战斗经历浮现脑海，经过一番感悟，{1}道心愈发坚定，战斗之道愈发精进，开始逐渐融汇贯通，在战斗大道上，略有收获！{2}增加了：{3}
365	3					770		茶香渺渺，{0}道心清明，静心感悟天道。过往的战斗经历浮现脑海，经过一番感悟，{1}道心愈发坚定，战斗之道愈发精进，开始逐渐融汇贯通，在战斗大道上，略有收获！{2}增加了：{3}
366	3	780						茶香渺渺，{0}道心清明，静心感悟天道。过往的战斗经历浮现脑海，经过一番感悟，{1}道心愈发坚定，战斗之道愈发精进，开始逐渐融汇贯通，在战斗大道上，略有收获！{2}增加了：{3}
367	3		780					茶香渺渺，{0}道心清明，静心感悟天道。过往的战斗经历浮现脑海，经过一番感悟，{1}道心愈发坚定，战斗之道愈发精进，开始逐渐融汇贯通，在战斗大道上，略有收获！{2}增加了：{3}
368	3			7800				茶香渺渺，{0}道心清明，静心感悟天道。过往的战斗经历浮现脑海，经过一番感悟，{1}道心愈发坚定，战斗之道愈发精进，开始逐渐融汇贯通，在战斗大道上，略有收获！{2}增加了：{3}
369	3				780			茶香渺渺，{0}道心清明，静心感悟天道。过往的战斗经历浮现脑海，经过一番感悟，{1}道心愈发坚定，战斗之道愈发精进，开始逐渐融汇贯通，在战斗大道上，略有收获！{2}增加了：{3}
370	3					780		茶香渺渺，{0}道心清明，静心感悟天道。过往的战斗经历浮现脑海，经过一番感悟，{1}道心愈发坚定，战斗之道愈发精进，开始逐渐融汇贯通，在战斗大道上，略有收获！{2}增加了：{3}
371	3	790						茶香渺渺，{0}道心清明，静心感悟天道。过往的战斗经历浮现脑海，经过一番感悟，{1}道心愈发坚定，战斗之道愈发精进，开始逐渐融汇贯通，在战斗大道上，略有收获！{2}增加了：{3}
372	3		790					茶香渺渺，{0}道心清明，静心感悟天道。过往的战斗经历浮现脑海，经过一番感悟，{1}道心愈发坚定，战斗之道愈发精进，开始逐渐融汇贯通，在战斗大道上，略有收获！{2}增加了：{3}
373	3			7900				茶香渺渺，{0}道心清明，静心感悟天道。过往的战斗经历浮现脑海，经过一番感悟，{1}道心愈发坚定，战斗之道愈发精进，开始逐渐融汇贯通，在战斗大道上，略有收获！{2}增加了：{3}
374	3				790			茶香渺渺，{0}道心清明，静心感悟天道。过往的战斗经历浮现脑海，经过一番感悟，{1}道心愈发坚定，战斗之道愈发精进，开始逐渐融汇贯通，在战斗大道上，略有收获！{2}增加了：{3}
375	3					790		茶香渺渺，{0}道心清明，静心感悟天道。过往的战斗经历浮现脑海，经过一番感悟，{1}道心愈发坚定，战斗之道愈发精进，开始逐渐融汇贯通，在战斗大道上，略有收获！{2}增加了：{3}
376	3	800						茶香渺渺，{0}道心清明，静心感悟天道。过往的战斗经历浮现脑海，经过一番感悟，{1}道心愈发坚定，战斗之道愈发精进，开始逐渐融汇贯通，在战斗大道上，略有收获！{2}增加了：{3}
377	3		800					茶香渺渺，{0}道心清明，静心感悟天道。过往的战斗经历浮现脑海，经过一番感悟，{1}道心愈发坚定，战斗之道愈发精进，开始逐渐融汇贯通，在战斗大道上，略有收获！{2}增加了：{3}
378	3			8000				茶香渺渺，{0}道心清明，静心感悟天道。过往的战斗经历浮现脑海，经过一番感悟，{1}道心愈发坚定，战斗之道愈发精进，开始逐渐融汇贯通，在战斗大道上，略有收获！{2}增加了：{3}
379	3				800			茶香渺渺，{0}道心清明，静心感悟天道。过往的战斗经历浮现脑海，经过一番感悟，{1}道心愈发坚定，战斗之道愈发精进，开始逐渐融汇贯通，在战斗大道上，略有收获！{2}增加了：{3}
380	3					800	2949	茶香渺渺，{0}道心清明，静心感悟天道。过往的战斗经历浮现脑海，经过一番感悟，{1}道心愈发坚定，战斗之道愈发精进，开始逐渐融汇贯通，在战斗大道上，略有收获！{2}增加了：{3}！同时领悟出了一套新的功法：《{4}》
381	3	810						茶香渺渺，{0}道心清明，静心感悟天道。过往的战斗经历浮现脑海，经过一番感悟，{1}道心愈发坚定，战斗之道愈发精进，开始逐渐融汇贯通，在战斗大道上，略有收获！{2}增加了：{3}
382	3		810					茶香渺渺，{0}道心清明，静心感悟天道。过往的战斗经历浮现脑海，经过一番感悟，{1}道心愈发坚定，战斗之道愈发精进，开始逐渐融汇贯通，在战斗大道上，略有收获！{2}增加了：{3}
383	3			8100				茶香渺渺，{0}道心清明，静心感悟天道。过往的战斗经历浮现脑海，经过一番感悟，{1}道心愈发坚定，战斗之道愈发精进，开始逐渐融汇贯通，在战斗大道上，略有收获！{2}增加了：{3}
384	3				810			茶香渺渺，{0}道心清明，静心感悟天道。过往的战斗经历浮现脑海，经过一番感悟，{1}道心愈发坚定，战斗之道愈发精进，开始逐渐融汇贯通，在战斗大道上，略有收获！{2}增加了：{3}
385	3					810		茶香渺渺，{0}道心清明，静心感悟天道。过往的战斗经历浮现脑海，经过一番感悟，{1}道心愈发坚定，战斗之道愈发精进，开始逐渐融汇贯通，在战斗大道上，略有收获！{2}增加了：{3}
386	3	820						茶香渺渺，{0}道心清明，静心感悟天道。过往的战斗经历浮现脑海，经过一番感悟，{1}道心愈发坚定，战斗之道愈发精进，开始逐渐融汇贯通，在战斗大道上，略有收获！{2}增加了：{3}
387	3		820					茶香渺渺，{0}道心清明，静心感悟天道。过往的战斗经历浮现脑海，经过一番感悟，{1}道心愈发坚定，战斗之道愈发精进，开始逐渐融汇贯通，在战斗大道上，略有收获！{2}增加了：{3}
388	3			8200				茶香渺渺，{0}道心清明，静心感悟天道。过往的战斗经历浮现脑海，经过一番感悟，{1}道心愈发坚定，战斗之道愈发精进，开始逐渐融汇贯通，在战斗大道上，略有收获！{2}增加了：{3}
389	3				820			茶香渺渺，{0}道心清明，静心感悟天道。过往的战斗经历浮现脑海，经过一番感悟，{1}道心愈发坚定，战斗之道愈发精进，开始逐渐融汇贯通，在战斗大道上，略有收获！{2}增加了：{3}
390	3					820		茶香渺渺，{0}道心清明，静心感悟天道。过往的战斗经历浮现脑海，经过一番感悟，{1}道心愈发坚定，战斗之道愈发精进，开始逐渐融汇贯通，在战斗大道上，略有收获！{2}增加了：{3}
391	3	830						茶香渺渺，{0}道心清明，静心感悟天道。过往的战斗经历浮现脑海，经过一番感悟，{1}道心愈发坚定，战斗之道愈发精进，开始逐渐融汇贯通，在战斗大道上，略有收获！{2}增加了：{3}
392	3		830					茶香渺渺，{0}道心清明，静心感悟天道。过往的战斗经历浮现脑海，经过一番感悟，{1}道心愈发坚定，战斗之道愈发精进，开始逐渐融汇贯通，在战斗大道上，略有收获！{2}增加了：{3}
393	3			8300				茶香渺渺，{0}道心清明，静心感悟天道。过往的战斗经历浮现脑海，经过一番感悟，{1}道心愈发坚定，战斗之道愈发精进，开始逐渐融汇贯通，在战斗大道上，略有收获！{2}增加了：{3}
394	3				830			茶香渺渺，{0}道心清明，静心感悟天道。过往的战斗经历浮现脑海，经过一番感悟，{1}道心愈发坚定，战斗之道愈发精进，开始逐渐融汇贯通，在战斗大道上，略有收获！{2}增加了：{3}
395	3					830		茶香渺渺，{0}道心清明，静心感悟天道。过往的战斗经历浮现脑海，经过一番感悟，{1}道心愈发坚定，战斗之道愈发精进，开始逐渐融汇贯通，在战斗大道上，略有收获！{2}增加了：{3}
396	3	840						茶香渺渺，{0}道心清明，静心感悟天道。过往的战斗经历浮现脑海，经过一番感悟，{1}道心愈发坚定，战斗之道愈发精进，开始逐渐融汇贯通，在战斗大道上，略有收获！{2}增加了：{3}
397	3		840					茶香渺渺，{0}道心清明，静心感悟天道。过往的战斗经历浮现脑海，经过一番感悟，{1}道心愈发坚定，战斗之道愈发精进，开始逐渐融汇贯通，在战斗大道上，略有收获！{2}增加了：{3}
398	3			8400				茶香渺渺，{0}道心清明，静心感悟天道。过往的战斗经历浮现脑海，经过一番感悟，{1}道心愈发坚定，战斗之道愈发精进，开始逐渐融汇贯通，在战斗大道上，略有收获！{2}增加了：{3}
399	3				840			茶香渺渺，{0}道心清明，静心感悟天道。过往的战斗经历浮现脑海，经过一番感悟，{1}道心愈发坚定，战斗之道愈发精进，开始逐渐融汇贯通，在战斗大道上，略有收获！{2}增加了：{3}
400	3					840	2950	茶香渺渺，{0}道心清明，静心感悟天道。过往的战斗经历浮现脑海，经过一番感悟，{1}道心愈发坚定，战斗之道愈发精进，开始逐渐融汇贯通，在战斗大道上，略有收获！{2}增加了：{3}！同时领悟出了一套新的功法：《{4}》
401	3	850						茶香渺渺，{0}道心清明，静心感悟天道。过往的战斗经历浮现脑海，经过一番感悟，{1}道心愈发坚定，战斗之道愈发精进，开始逐渐融汇贯通，在战斗大道上，略有收获！{2}增加了：{3}
402	3		850					茶香渺渺，{0}道心清明，静心感悟天道。过往的战斗经历浮现脑海，经过一番感悟，{1}道心愈发坚定，战斗之道愈发精进，开始逐渐融汇贯通，在战斗大道上，略有收获！{2}增加了：{3}
403	3			8500				茶香渺渺，{0}道心清明，静心感悟天道。过往的战斗经历浮现脑海，经过一番感悟，{1}道心愈发坚定，战斗之道愈发精进，开始逐渐融汇贯通，在战斗大道上，略有收获！{2}增加了：{3}
404	3				850			茶香渺渺，{0}道心清明，静心感悟天道。过往的战斗经历浮现脑海，经过一番感悟，{1}道心愈发坚定，战斗之道愈发精进，开始逐渐融汇贯通，在战斗大道上，略有收获！{2}增加了：{3}
405	3					850		茶香渺渺，{0}道心清明，静心感悟天道。过往的战斗经历浮现脑海，经过一番感悟，{1}道心愈发坚定，战斗之道愈发精进，开始逐渐融汇贯通，在战斗大道上，略有收获！{2}增加了：{3}
406	3	860						茶香渺渺，{0}道心清明，静心感悟天道。过往的战斗经历浮现脑海，经过一番感悟，{1}道心愈发坚定，战斗之道愈发精进，开始逐渐融汇贯通，在战斗大道上，略有收获！{2}增加了：{3}
407	3		860					茶香渺渺，{0}道心清明，静心感悟天道。过往的战斗经历浮现脑海，经过一番感悟，{1}道心愈发坚定，战斗之道愈发精进，开始逐渐融汇贯通，在战斗大道上，略有收获！{2}增加了：{3}
408	3			8600				茶香渺渺，{0}道心清明，静心感悟天道。过往的战斗经历浮现脑海，经过一番感悟，{1}道心愈发坚定，战斗之道愈发精进，开始逐渐融汇贯通，在战斗大道上，略有收获！{2}增加了：{3}
409	3				860			茶香渺渺，{0}道心清明，静心感悟天道。过往的战斗经历浮现脑海，经过一番感悟，{1}道心愈发坚定，战斗之道愈发精进，开始逐渐融汇贯通，在战斗大道上，略有收获！{2}增加了：{3}
410	3					860		茶香渺渺，{0}道心清明，静心感悟天道。过往的战斗经历浮现脑海，经过一番感悟，{1}道心愈发坚定，战斗之道愈发精进，开始逐渐融汇贯通，在战斗大道上，略有收获！{2}增加了：{3}
411	3	870						茶香渺渺，{0}道心清明，静心感悟天道。过往的战斗经历浮现脑海，经过一番感悟，{1}道心愈发坚定，战斗之道愈发精进，开始逐渐融汇贯通，在战斗大道上，略有收获！{2}增加了：{3}
412	3		870					茶香渺渺，{0}道心清明，静心感悟天道。过往的战斗经历浮现脑海，经过一番感悟，{1}道心愈发坚定，战斗之道愈发精进，开始逐渐融汇贯通，在战斗大道上，略有收获！{2}增加了：{3}
413	3			8700				茶香渺渺，{0}道心清明，静心感悟天道。过往的战斗经历浮现脑海，经过一番感悟，{1}道心愈发坚定，战斗之道愈发精进，开始逐渐融汇贯通，在战斗大道上，略有收获！{2}增加了：{3}
414	3				870			茶香渺渺，{0}道心清明，静心感悟天道。过往的战斗经历浮现脑海，经过一番感悟，{1}道心愈发坚定，战斗之道愈发精进，开始逐渐融汇贯通，在战斗大道上，略有收获！{2}增加了：{3}
415	3					870		茶香渺渺，{0}道心清明，静心感悟天道。过往的战斗经历浮现脑海，经过一番感悟，{1}道心愈发坚定，战斗之道愈发精进，开始逐渐融汇贯通，在战斗大道上，略有收获！{2}增加了：{3}
416	3	880						茶香渺渺，{0}道心清明，静心感悟天道。过往的战斗经历浮现脑海，经过一番感悟，{1}道心愈发坚定，战斗之道愈发精进，开始逐渐融汇贯通，在战斗大道上，略有收获！{2}增加了：{3}
417	3		880					茶香渺渺，{0}道心清明，静心感悟天道。过往的战斗经历浮现脑海，经过一番感悟，{1}道心愈发坚定，战斗之道愈发精进，开始逐渐融汇贯通，在战斗大道上，略有收获！{2}增加了：{3}
418	3			8800				茶香渺渺，{0}道心清明，静心感悟天道。过往的战斗经历浮现脑海，经过一番感悟，{1}道心愈发坚定，战斗之道愈发精进，开始逐渐融汇贯通，在战斗大道上，略有收获！{2}增加了：{3}
419	3				880			茶香渺渺，{0}道心清明，静心感悟天道。过往的战斗经历浮现脑海，经过一番感悟，{1}道心愈发坚定，战斗之道愈发精进，开始逐渐融汇贯通，在战斗大道上，略有收获！{2}增加了：{3}
420	3					880	2951	茶香渺渺，{0}道心清明，静心感悟天道。过往的战斗经历浮现脑海，经过一番感悟，{1}道心愈发坚定，战斗之道愈发精进，开始逐渐融汇贯通，在战斗大道上，略有收获！{2}增加了：{3}！同时领悟出了一套新的功法：《{4}》
421	3	890						茶香渺渺，{0}道心清明，静心感悟天道。过往的战斗经历浮现脑海，经过一番感悟，{1}道心愈发坚定，战斗之道愈发精进，开始逐渐融汇贯通，在战斗大道上，略有收获！{2}增加了：{3}
422	3		890					茶香渺渺，{0}道心清明，静心感悟天道。过往的战斗经历浮现脑海，经过一番感悟，{1}道心愈发坚定，战斗之道愈发精进，开始逐渐融汇贯通，在战斗大道上，略有收获！{2}增加了：{3}
423	3			8900				茶香渺渺，{0}道心清明，静心感悟天道。过往的战斗经历浮现脑海，经过一番感悟，{1}道心愈发坚定，战斗之道愈发精进，开始逐渐融汇贯通，在战斗大道上，略有收获！{2}增加了：{3}
424	3				890			茶香渺渺，{0}道心清明，静心感悟天道。过往的战斗经历浮现脑海，经过一番感悟，{1}道心愈发坚定，战斗之道愈发精进，开始逐渐融汇贯通，在战斗大道上，略有收获！{2}增加了：{3}
425	3					890		茶香渺渺，{0}道心清明，静心感悟天道。过往的战斗经历浮现脑海，经过一番感悟，{1}道心愈发坚定，战斗之道愈发精进，开始逐渐融汇贯通，在战斗大道上，略有收获！{2}增加了：{3}
426	3	900						茶香渺渺，{0}道心清明，静心感悟天道。过往的战斗经历浮现脑海，经过一番感悟，{1}道心愈发坚定，战斗之道愈发精进，开始逐渐融汇贯通，在战斗大道上，略有收获！{2}增加了：{3}
427	3		900					茶香渺渺，{0}道心清明，静心感悟天道。过往的战斗经历浮现脑海，经过一番感悟，{1}道心愈发坚定，战斗之道愈发精进，开始逐渐融汇贯通，在战斗大道上，略有收获！{2}增加了：{3}
428	3			9000				茶香渺渺，{0}道心清明，静心感悟天道。过往的战斗经历浮现脑海，经过一番感悟，{1}道心愈发坚定，战斗之道愈发精进，开始逐渐融汇贯通，在战斗大道上，略有收获！{2}增加了：{3}
429	3				900			茶香渺渺，{0}道心清明，静心感悟天道。过往的战斗经历浮现脑海，经过一番感悟，{1}道心愈发坚定，战斗之道愈发精进，开始逐渐融汇贯通，在战斗大道上，略有收获！{2}增加了：{3}
430	3					900		茶香渺渺，{0}道心清明，静心感悟天道。过往的战斗经历浮现脑海，经过一番感悟，{1}道心愈发坚定，战斗之道愈发精进，开始逐渐融汇贯通，在战斗大道上，略有收获！{2}增加了：{3}
431	3	910						茶香渺渺，{0}道心清明，静心感悟天道。过往的战斗经历浮现脑海，经过一番感悟，{1}道心愈发坚定，战斗之道愈发精进，开始逐渐融汇贯通，在战斗大道上，略有收获！{2}增加了：{3}
432	3		910					茶香渺渺，{0}道心清明，静心感悟天道。过往的战斗经历浮现脑海，经过一番感悟，{1}道心愈发坚定，战斗之道愈发精进，开始逐渐融汇贯通，在战斗大道上，略有收获！{2}增加了：{3}
433	3			9100				茶香渺渺，{0}道心清明，静心感悟天道。过往的战斗经历浮现脑海，经过一番感悟，{1}道心愈发坚定，战斗之道愈发精进，开始逐渐融汇贯通，在战斗大道上，略有收获！{2}增加了：{3}
434	3				910			茶香渺渺，{0}道心清明，静心感悟天道。过往的战斗经历浮现脑海，经过一番感悟，{1}道心愈发坚定，战斗之道愈发精进，开始逐渐融汇贯通，在战斗大道上，略有收获！{2}增加了：{3}
435	3					910		茶香渺渺，{0}道心清明，静心感悟天道。过往的战斗经历浮现脑海，经过一番感悟，{1}道心愈发坚定，战斗之道愈发精进，开始逐渐融汇贯通，在战斗大道上，略有收获！{2}增加了：{3}
436	3	920						茶香渺渺，{0}道心清明，静心感悟天道。过往的战斗经历浮现脑海，经过一番感悟，{1}道心愈发坚定，战斗之道愈发精进，开始逐渐融汇贯通，在战斗大道上，略有收获！{2}增加了：{3}
437	3		920					茶香渺渺，{0}道心清明，静心感悟天道。过往的战斗经历浮现脑海，经过一番感悟，{1}道心愈发坚定，战斗之道愈发精进，开始逐渐融汇贯通，在战斗大道上，略有收获！{2}增加了：{3}
438	3			9200				茶香渺渺，{0}道心清明，静心感悟天道。过往的战斗经历浮现脑海，经过一番感悟，{1}道心愈发坚定，战斗之道愈发精进，开始逐渐融汇贯通，在战斗大道上，略有收获！{2}增加了：{3}
439	3				920			茶香渺渺，{0}道心清明，静心感悟天道。过往的战斗经历浮现脑海，经过一番感悟，{1}道心愈发坚定，战斗之道愈发精进，开始逐渐融汇贯通，在战斗大道上，略有收获！{2}增加了：{3}
440	3					920	2952	茶香渺渺，{0}道心清明，静心感悟天道。过往的战斗经历浮现脑海，经过一番感悟，{1}道心愈发坚定，战斗之道愈发精进，开始逐渐融汇贯通，在战斗大道上，略有收获！{2}增加了：{3}！同时领悟出了一套新的功法：《{4}》
441	3	930						茶香渺渺，{0}道心清明，静心感悟天道。过往的战斗经历浮现脑海，经过一番感悟，{1}道心愈发坚定，战斗之道愈发精进，开始逐渐融汇贯通，在战斗大道上，略有收获！{2}增加了：{3}
442	3		930					茶香渺渺，{0}道心清明，静心感悟天道。过往的战斗经历浮现脑海，经过一番感悟，{1}道心愈发坚定，战斗之道愈发精进，开始逐渐融汇贯通，在战斗大道上，略有收获！{2}增加了：{3}
443	3			9300				茶香渺渺，{0}道心清明，静心感悟天道。过往的战斗经历浮现脑海，经过一番感悟，{1}道心愈发坚定，战斗之道愈发精进，开始逐渐融汇贯通，在战斗大道上，略有收获！{2}增加了：{3}
444	3				930			茶香渺渺，{0}道心清明，静心感悟天道。过往的战斗经历浮现脑海，经过一番感悟，{1}道心愈发坚定，战斗之道愈发精进，开始逐渐融汇贯通，在战斗大道上，略有收获！{2}增加了：{3}
445	3					930		茶香渺渺，{0}道心清明，静心感悟天道。过往的战斗经历浮现脑海，经过一番感悟，{1}道心愈发坚定，战斗之道愈发精进，开始逐渐融汇贯通，在战斗大道上，略有收获！{2}增加了：{3}
446	3	940						茶香渺渺，{0}道心清明，静心感悟天道。过往的战斗经历浮现脑海，经过一番感悟，{1}道心愈发坚定，战斗之道愈发精进，开始逐渐融汇贯通，在战斗大道上，略有收获！{2}增加了：{3}
447	3		940					茶香渺渺，{0}道心清明，静心感悟天道。过往的战斗经历浮现脑海，经过一番感悟，{1}道心愈发坚定，战斗之道愈发精进，开始逐渐融汇贯通，在战斗大道上，略有收获！{2}增加了：{3}
448	3			9400				茶香渺渺，{0}道心清明，静心感悟天道。过往的战斗经历浮现脑海，经过一番感悟，{1}道心愈发坚定，战斗之道愈发精进，开始逐渐融汇贯通，在战斗大道上，略有收获！{2}增加了：{3}
449	3				940			茶香渺渺，{0}道心清明，静心感悟天道。过往的战斗经历浮现脑海，经过一番感悟，{1}道心愈发坚定，战斗之道愈发精进，开始逐渐融汇贯通，在战斗大道上，略有收获！{2}增加了：{3}
450	3					940		茶香渺渺，{0}道心清明，静心感悟天道。过往的战斗经历浮现脑海，经过一番感悟，{1}道心愈发坚定，战斗之道愈发精进，开始逐渐融汇贯通，在战斗大道上，略有收获！{2}增加了：{3}
451	3	950						茶香渺渺，{0}道心清明，静心感悟天道。过往的战斗经历浮现脑海，经过一番感悟，{1}道心愈发坚定，战斗之道愈发精进，开始逐渐融汇贯通，在战斗大道上，略有收获！{2}增加了：{3}
452	3		950					茶香渺渺，{0}道心清明，静心感悟天道。过往的战斗经历浮现脑海，经过一番感悟，{1}道心愈发坚定，战斗之道愈发精进，开始逐渐融汇贯通，在战斗大道上，略有收获！{2}增加了：{3}
453	3			9500				茶香渺渺，{0}道心清明，静心感悟天道。过往的战斗经历浮现脑海，经过一番感悟，{1}道心愈发坚定，战斗之道愈发精进，开始逐渐融汇贯通，在战斗大道上，略有收获！{2}增加了：{3}
454	3				950			茶香渺渺，{0}道心清明，静心感悟天道。过往的战斗经历浮现脑海，经过一番感悟，{1}道心愈发坚定，战斗之道愈发精进，开始逐渐融汇贯通，在战斗大道上，略有收获！{2}增加了：{3}
455	3					950		茶香渺渺，{0}道心清明，静心感悟天道。过往的战斗经历浮现脑海，经过一番感悟，{1}道心愈发坚定，战斗之道愈发精进，开始逐渐融汇贯通，在战斗大道上，略有收获！{2}增加了：{3}
456	3	960						茶香渺渺，{0}道心清明，静心感悟天道。过往的战斗经历浮现脑海，经过一番感悟，{1}道心愈发坚定，战斗之道愈发精进，开始逐渐融汇贯通，在战斗大道上，略有收获！{2}增加了：{3}
457	3		960					茶香渺渺，{0}道心清明，静心感悟天道。过往的战斗经历浮现脑海，经过一番感悟，{1}道心愈发坚定，战斗之道愈发精进，开始逐渐融汇贯通，在战斗大道上，略有收获！{2}增加了：{3}
458	3			9600				茶香渺渺，{0}道心清明，静心感悟天道。过往的战斗经历浮现脑海，经过一番感悟，{1}道心愈发坚定，战斗之道愈发精进，开始逐渐融汇贯通，在战斗大道上，略有收获！{2}增加了：{3}
459	3				960			茶香渺渺，{0}道心清明，静心感悟天道。过往的战斗经历浮现脑海，经过一番感悟，{1}道心愈发坚定，战斗之道愈发精进，开始逐渐融汇贯通，在战斗大道上，略有收获！{2}增加了：{3}
460	3					960	2953	茶香渺渺，{0}道心清明，静心感悟天道。过往的战斗经历浮现脑海，经过一番感悟，{1}道心愈发坚定，战斗之道愈发精进，开始逐渐融汇贯通，在战斗大道上，略有收获！{2}增加了：{3}！同时领悟出了一套新的功法：《{4}》
461	3	970						茶香渺渺，{0}道心清明，静心感悟天道。过往的战斗经历浮现脑海，经过一番感悟，{1}道心愈发坚定，战斗之道愈发精进，开始逐渐融汇贯通，在战斗大道上，略有收获！{2}增加了：{3}
462	3		970					茶香渺渺，{0}道心清明，静心感悟天道。过往的战斗经历浮现脑海，经过一番感悟，{1}道心愈发坚定，战斗之道愈发精进，开始逐渐融汇贯通，在战斗大道上，略有收获！{2}增加了：{3}
463	3			9700				茶香渺渺，{0}道心清明，静心感悟天道。过往的战斗经历浮现脑海，经过一番感悟，{1}道心愈发坚定，战斗之道愈发精进，开始逐渐融汇贯通，在战斗大道上，略有收获！{2}增加了：{3}
464	3				970			茶香渺渺，{0}道心清明，静心感悟天道。过往的战斗经历浮现脑海，经过一番感悟，{1}道心愈发坚定，战斗之道愈发精进，开始逐渐融汇贯通，在战斗大道上，略有收获！{2}增加了：{3}
465	3					970		茶香渺渺，{0}道心清明，静心感悟天道。过往的战斗经历浮现脑海，经过一番感悟，{1}道心愈发坚定，战斗之道愈发精进，开始逐渐融汇贯通，在战斗大道上，略有收获！{2}增加了：{3}
466	3	980						茶香渺渺，{0}道心清明，静心感悟天道。过往的战斗经历浮现脑海，经过一番感悟，{1}道心愈发坚定，战斗之道愈发精进，开始逐渐融汇贯通，在战斗大道上，略有收获！{2}增加了：{3}
467	3		980					茶香渺渺，{0}道心清明，静心感悟天道。过往的战斗经历浮现脑海，经过一番感悟，{1}道心愈发坚定，战斗之道愈发精进，开始逐渐融汇贯通，在战斗大道上，略有收获！{2}增加了：{3}
468	3			9800				茶香渺渺，{0}道心清明，静心感悟天道。过往的战斗经历浮现脑海，经过一番感悟，{1}道心愈发坚定，战斗之道愈发精进，开始逐渐融汇贯通，在战斗大道上，略有收获！{2}增加了：{3}
469	3				980			茶香渺渺，{0}道心清明，静心感悟天道。过往的战斗经历浮现脑海，经过一番感悟，{1}道心愈发坚定，战斗之道愈发精进，开始逐渐融汇贯通，在战斗大道上，略有收获！{2}增加了：{3}
470	3					980		茶香渺渺，{0}道心清明，静心感悟天道。过往的战斗经历浮现脑海，经过一番感悟，{1}道心愈发坚定，战斗之道愈发精进，开始逐渐融汇贯通，在战斗大道上，略有收获！{2}增加了：{3}
471	3	990						茶香渺渺，{0}道心清明，静心感悟天道。过往的战斗经历浮现脑海，经过一番感悟，{1}道心愈发坚定，战斗之道愈发精进，开始逐渐融汇贯通，在战斗大道上，略有收获！{2}增加了：{3}
472	3		990					茶香渺渺，{0}道心清明，静心感悟天道。过往的战斗经历浮现脑海，经过一番感悟，{1}道心愈发坚定，战斗之道愈发精进，开始逐渐融汇贯通，在战斗大道上，略有收获！{2}增加了：{3}
473	3			9900				茶香渺渺，{0}道心清明，静心感悟天道。过往的战斗经历浮现脑海，经过一番感悟，{1}道心愈发坚定，战斗之道愈发精进，开始逐渐融汇贯通，在战斗大道上，略有收获！{2}增加了：{3}
474	3				990			茶香渺渺，{0}道心清明，静心感悟天道。过往的战斗经历浮现脑海，经过一番感悟，{1}道心愈发坚定，战斗之道愈发精进，开始逐渐融汇贯通，在战斗大道上，略有收获！{2}增加了：{3}
475	3					990		茶香渺渺，{0}道心清明，静心感悟天道。过往的战斗经历浮现脑海，经过一番感悟，{1}道心愈发坚定，战斗之道愈发精进，开始逐渐融汇贯通，在战斗大道上，略有收获！{2}增加了：{3}
476	3	1000						茶香渺渺，{0}道心清明，静心感悟天道。过往的战斗经历浮现脑海，经过一番感悟，{1}道心愈发坚定，战斗之道愈发精进，开始逐渐融汇贯通，在战斗大道上，略有收获！{2}增加了：{3}
477	3		1000					茶香渺渺，{0}道心清明，静心感悟天道。过往的战斗经历浮现脑海，经过一番感悟，{1}道心愈发坚定，战斗之道愈发精进，开始逐渐融汇贯通，在战斗大道上，略有收获！{2}增加了：{3}
478	3			10000				茶香渺渺，{0}道心清明，静心感悟天道。过往的战斗经历浮现脑海，经过一番感悟，{1}道心愈发坚定，战斗之道愈发精进，开始逐渐融汇贯通，在战斗大道上，略有收获！{2}增加了：{3}
479	3				1000			茶香渺渺，{0}道心清明，静心感悟天道。过往的战斗经历浮现脑海，经过一番感悟，{1}道心愈发坚定，战斗之道愈发精进，开始逐渐融汇贯通，在战斗大道上，略有收获！{2}增加了：{3}
480	3					1000	2954	茶香渺渺，{0}道心清明，静心感悟天道。过往的战斗经历浮现脑海，经过一番感悟，{1}道心愈发坚定，战斗之道愈发精进，开始逐渐融汇贯通，在战斗大道上，略有收获！{2}增加了：{3}！同时领悟出了一套新的功法：《{4}》
481	3	1010						茶香渺渺，{0}道心清明，静心感悟天道。过往的战斗经历浮现脑海，经过一番感悟，{1}道心愈发坚定，战斗之道愈发精进，开始逐渐融汇贯通，在战斗大道上，略有收获！{2}增加了：{3}
482	3		1010					茶香渺渺，{0}道心清明，静心感悟天道。过往的战斗经历浮现脑海，经过一番感悟，{1}道心愈发坚定，战斗之道愈发精进，开始逐渐融汇贯通，在战斗大道上，略有收获！{2}增加了：{3}
483	3			10100				茶香渺渺，{0}道心清明，静心感悟天道。过往的战斗经历浮现脑海，经过一番感悟，{1}道心愈发坚定，战斗之道愈发精进，开始逐渐融汇贯通，在战斗大道上，略有收获！{2}增加了：{3}
484	3				1010			茶香渺渺，{0}道心清明，静心感悟天道。过往的战斗经历浮现脑海，经过一番感悟，{1}道心愈发坚定，战斗之道愈发精进，开始逐渐融汇贯通，在战斗大道上，略有收获！{2}增加了：{3}
485	3					1010		茶香渺渺，{0}道心清明，静心感悟天道。过往的战斗经历浮现脑海，经过一番感悟，{1}道心愈发坚定，战斗之道愈发精进，开始逐渐融汇贯通，在战斗大道上，略有收获！{2}增加了：{3}
486	3	1020						茶香渺渺，{0}道心清明，静心感悟天道。过往的战斗经历浮现脑海，经过一番感悟，{1}道心愈发坚定，战斗之道愈发精进，开始逐渐融汇贯通，在战斗大道上，略有收获！{2}增加了：{3}
487	3		1020					茶香渺渺，{0}道心清明，静心感悟天道。过往的战斗经历浮现脑海，经过一番感悟，{1}道心愈发坚定，战斗之道愈发精进，开始逐渐融汇贯通，在战斗大道上，略有收获！{2}增加了：{3}
488	3			10200				茶香渺渺，{0}道心清明，静心感悟天道。过往的战斗经历浮现脑海，经过一番感悟，{1}道心愈发坚定，战斗之道愈发精进，开始逐渐融汇贯通，在战斗大道上，略有收获！{2}增加了：{3}
489	3				1020			茶香渺渺，{0}道心清明，静心感悟天道。过往的战斗经历浮现脑海，经过一番感悟，{1}道心愈发坚定，战斗之道愈发精进，开始逐渐融汇贯通，在战斗大道上，略有收获！{2}增加了：{3}
490	3					1020		茶香渺渺，{0}道心清明，静心感悟天道。过往的战斗经历浮现脑海，经过一番感悟，{1}道心愈发坚定，战斗之道愈发精进，开始逐渐融汇贯通，在战斗大道上，略有收获！{2}增加了：{3}
491	3	1030						茶香渺渺，{0}道心清明，静心感悟天道。过往的战斗经历浮现脑海，经过一番感悟，{1}道心愈发坚定，战斗之道愈发精进，开始逐渐融汇贯通，在战斗大道上，略有收获！{2}增加了：{3}
492	3		1030					茶香渺渺，{0}道心清明，静心感悟天道。过往的战斗经历浮现脑海，经过一番感悟，{1}道心愈发坚定，战斗之道愈发精进，开始逐渐融汇贯通，在战斗大道上，略有收获！{2}增加了：{3}
493	3			10300				茶香渺渺，{0}道心清明，静心感悟天道。过往的战斗经历浮现脑海，经过一番感悟，{1}道心愈发坚定，战斗之道愈发精进，开始逐渐融汇贯通，在战斗大道上，略有收获！{2}增加了：{3}
494	3				1030			茶香渺渺，{0}道心清明，静心感悟天道。过往的战斗经历浮现脑海，经过一番感悟，{1}道心愈发坚定，战斗之道愈发精进，开始逐渐融汇贯通，在战斗大道上，略有收获！{2}增加了：{3}
495	3					1030		茶香渺渺，{0}道心清明，静心感悟天道。过往的战斗经历浮现脑海，经过一番感悟，{1}道心愈发坚定，战斗之道愈发精进，开始逐渐融汇贯通，在战斗大道上，略有收获！{2}增加了：{3}
496	3	1040						茶香渺渺，{0}道心清明，静心感悟天道。过往的战斗经历浮现脑海，经过一番感悟，{1}道心愈发坚定，战斗之道愈发精进，开始逐渐融汇贯通，在战斗大道上，略有收获！{2}增加了：{3}
497	3		1040					茶香渺渺，{0}道心清明，静心感悟天道。过往的战斗经历浮现脑海，经过一番感悟，{1}道心愈发坚定，战斗之道愈发精进，开始逐渐融汇贯通，在战斗大道上，略有收获！{2}增加了：{3}
498	3			10400				茶香渺渺，{0}道心清明，静心感悟天道。过往的战斗经历浮现脑海，经过一番感悟，{1}道心愈发坚定，战斗之道愈发精进，开始逐渐融汇贯通，在战斗大道上，略有收获！{2}增加了：{3}
499	3				1040			茶香渺渺，{0}道心清明，静心感悟天道。过往的战斗经历浮现脑海，经过一番感悟，{1}道心愈发坚定，战斗之道愈发精进，开始逐渐融汇贯通，在战斗大道上，略有收获！{2}增加了：{3}
500	3					1040	2955	茶香渺渺，{0}道心清明，静心感悟天道。过往的战斗经历浮现脑海，经过一番感悟，{1}道心愈发坚定，战斗之道愈发精进，开始逐渐融汇贯通，在战斗大道上，略有收获！{2}增加了：{3}！同时领悟出了一套新的功法：《{4}》
501	3	1050						茶香渺渺，{0}道心清明，静心感悟天道。过往的战斗经历浮现脑海，经过一番感悟，{1}道心愈发坚定，战斗之道愈发精进，开始逐渐融汇贯通，在战斗大道上，略有收获！{2}增加了：{3}
502	3		1050					茶香渺渺，{0}道心清明，静心感悟天道。过往的战斗经历浮现脑海，经过一番感悟，{1}道心愈发坚定，战斗之道愈发精进，开始逐渐融汇贯通，在战斗大道上，略有收获！{2}增加了：{3}
503	3			10500				茶香渺渺，{0}道心清明，静心感悟天道。过往的战斗经历浮现脑海，经过一番感悟，{1}道心愈发坚定，战斗之道愈发精进，开始逐渐融汇贯通，在战斗大道上，略有收获！{2}增加了：{3}
504	3				1050			茶香渺渺，{0}道心清明，静心感悟天道。过往的战斗经历浮现脑海，经过一番感悟，{1}道心愈发坚定，战斗之道愈发精进，开始逐渐融汇贯通，在战斗大道上，略有收获！{2}增加了：{3}
505	3					1050		茶香渺渺，{0}道心清明，静心感悟天道。过往的战斗经历浮现脑海，经过一番感悟，{1}道心愈发坚定，战斗之道愈发精进，开始逐渐融汇贯通，在战斗大道上，略有收获！{2}增加了：{3}
506	3	1060						茶香渺渺，{0}道心清明，静心感悟天道。过往的战斗经历浮现脑海，经过一番感悟，{1}道心愈发坚定，战斗之道愈发精进，开始逐渐融汇贯通，在战斗大道上，略有收获！{2}增加了：{3}
507	3		1060					茶香渺渺，{0}道心清明，静心感悟天道。过往的战斗经历浮现脑海，经过一番感悟，{1}道心愈发坚定，战斗之道愈发精进，开始逐渐融汇贯通，在战斗大道上，略有收获！{2}增加了：{3}
508	3			10600				茶香渺渺，{0}道心清明，静心感悟天道。过往的战斗经历浮现脑海，经过一番感悟，{1}道心愈发坚定，战斗之道愈发精进，开始逐渐融汇贯通，在战斗大道上，略有收获！{2}增加了：{3}
509	3				1060			茶香渺渺，{0}道心清明，静心感悟天道。过往的战斗经历浮现脑海，经过一番感悟，{1}道心愈发坚定，战斗之道愈发精进，开始逐渐融汇贯通，在战斗大道上，略有收获！{2}增加了：{3}
510	3					1060		茶香渺渺，{0}道心清明，静心感悟天道。过往的战斗经历浮现脑海，经过一番感悟，{1}道心愈发坚定，战斗之道愈发精进，开始逐渐融汇贯通，在战斗大道上，略有收获！{2}增加了：{3}
511	3	1070						茶香渺渺，{0}道心清明，静心感悟天道。过往的战斗经历浮现脑海，经过一番感悟，{1}道心愈发坚定，战斗之道愈发精进，开始逐渐融汇贯通，在战斗大道上，略有收获！{2}增加了：{3}
512	3		1070					茶香渺渺，{0}道心清明，静心感悟天道。过往的战斗经历浮现脑海，经过一番感悟，{1}道心愈发坚定，战斗之道愈发精进，开始逐渐融汇贯通，在战斗大道上，略有收获！{2}增加了：{3}
513	3			10700				茶香渺渺，{0}道心清明，静心感悟天道。过往的战斗经历浮现脑海，经过一番感悟，{1}道心愈发坚定，战斗之道愈发精进，开始逐渐融汇贯通，在战斗大道上，略有收获！{2}增加了：{3}
514	3				1070			茶香渺渺，{0}道心清明，静心感悟天道。过往的战斗经历浮现脑海，经过一番感悟，{1}道心愈发坚定，战斗之道愈发精进，开始逐渐融汇贯通，在战斗大道上，略有收获！{2}增加了：{3}
515	3					1070		茶香渺渺，{0}道心清明，静心感悟天道。过往的战斗经历浮现脑海，经过一番感悟，{1}道心愈发坚定，战斗之道愈发精进，开始逐渐融汇贯通，在战斗大道上，略有收获！{2}增加了：{3}
516	3	1080						茶香渺渺，{0}道心清明，静心感悟天道。过往的战斗经历浮现脑海，经过一番感悟，{1}道心愈发坚定，战斗之道愈发精进，开始逐渐融汇贯通，在战斗大道上，略有收获！{2}增加了：{3}
517	3		1080					茶香渺渺，{0}道心清明，静心感悟天道。过往的战斗经历浮现脑海，经过一番感悟，{1}道心愈发坚定，战斗之道愈发精进，开始逐渐融汇贯通，在战斗大道上，略有收获！{2}增加了：{3}
518	3			10800				茶香渺渺，{0}道心清明，静心感悟天道。过往的战斗经历浮现脑海，经过一番感悟，{1}道心愈发坚定，战斗之道愈发精进，开始逐渐融汇贯通，在战斗大道上，略有收获！{2}增加了：{3}
519	3				1080			茶香渺渺，{0}道心清明，静心感悟天道。过往的战斗经历浮现脑海，经过一番感悟，{1}道心愈发坚定，战斗之道愈发精进，开始逐渐融汇贯通，在战斗大道上，略有收获！{2}增加了：{3}
520	3					1080	2956	茶香渺渺，{0}道心清明，静心感悟天道。过往的战斗经历浮现脑海，经过一番感悟，{1}道心愈发坚定，战斗之道愈发精进，开始逐渐融汇贯通，在战斗大道上，略有收获！{2}增加了：{3}！同时领悟出了一套新的功法：《{4}》
521	3	1090						茶香渺渺，{0}道心清明，静心感悟天道。过往的战斗经历浮现脑海，经过一番感悟，{1}道心愈发坚定，战斗之道愈发精进，开始逐渐融汇贯通，在战斗大道上，略有收获！{2}增加了：{3}
522	3		1090					茶香渺渺，{0}道心清明，静心感悟天道。过往的战斗经历浮现脑海，经过一番感悟，{1}道心愈发坚定，战斗之道愈发精进，开始逐渐融汇贯通，在战斗大道上，略有收获！{2}增加了：{3}
523	3			10900				茶香渺渺，{0}道心清明，静心感悟天道。过往的战斗经历浮现脑海，经过一番感悟，{1}道心愈发坚定，战斗之道愈发精进，开始逐渐融汇贯通，在战斗大道上，略有收获！{2}增加了：{3}
524	3				1090			茶香渺渺，{0}道心清明，静心感悟天道。过往的战斗经历浮现脑海，经过一番感悟，{1}道心愈发坚定，战斗之道愈发精进，开始逐渐融汇贯通，在战斗大道上，略有收获！{2}增加了：{3}
525	3					1090		茶香渺渺，{0}道心清明，静心感悟天道。过往的战斗经历浮现脑海，经过一番感悟，{1}道心愈发坚定，战斗之道愈发精进，开始逐渐融汇贯通，在战斗大道上，略有收获！{2}增加了：{3}
526	3	1100						茶香渺渺，{0}道心清明，静心感悟天道。过往的战斗经历浮现脑海，经过一番感悟，{1}道心愈发坚定，战斗之道愈发精进，开始逐渐融汇贯通，在战斗大道上，略有收获！{2}增加了：{3}
527	3		1100					茶香渺渺，{0}道心清明，静心感悟天道。过往的战斗经历浮现脑海，经过一番感悟，{1}道心愈发坚定，战斗之道愈发精进，开始逐渐融汇贯通，在战斗大道上，略有收获！{2}增加了：{3}
528	3			11000				茶香渺渺，{0}道心清明，静心感悟天道。过往的战斗经历浮现脑海，经过一番感悟，{1}道心愈发坚定，战斗之道愈发精进，开始逐渐融汇贯通，在战斗大道上，略有收获！{2}增加了：{3}
529	3				1100			茶香渺渺，{0}道心清明，静心感悟天道。过往的战斗经历浮现脑海，经过一番感悟，{1}道心愈发坚定，战斗之道愈发精进，开始逐渐融汇贯通，在战斗大道上，略有收获！{2}增加了：{3}
530	3					1100		茶香渺渺，{0}道心清明，静心感悟天道。过往的战斗经历浮现脑海，经过一番感悟，{1}道心愈发坚定，战斗之道愈发精进，开始逐渐融汇贯通，在战斗大道上，略有收获！{2}增加了：{3}
531	3	1110						茶香渺渺，{0}道心清明，静心感悟天道。过往的战斗经历浮现脑海，经过一番感悟，{1}道心愈发坚定，战斗之道愈发精进，开始逐渐融汇贯通，在战斗大道上，略有收获！{2}增加了：{3}
532	3		1110					茶香渺渺，{0}道心清明，静心感悟天道。过往的战斗经历浮现脑海，经过一番感悟，{1}道心愈发坚定，战斗之道愈发精进，开始逐渐融汇贯通，在战斗大道上，略有收获！{2}增加了：{3}
533	3			11100				茶香渺渺，{0}道心清明，静心感悟天道。过往的战斗经历浮现脑海，经过一番感悟，{1}道心愈发坚定，战斗之道愈发精进，开始逐渐融汇贯通，在战斗大道上，略有收获！{2}增加了：{3}
534	3				1110			茶香渺渺，{0}道心清明，静心感悟天道。过往的战斗经历浮现脑海，经过一番感悟，{1}道心愈发坚定，战斗之道愈发精进，开始逐渐融汇贯通，在战斗大道上，略有收获！{2}增加了：{3}
535	3					1110		茶香渺渺，{0}道心清明，静心感悟天道。过往的战斗经历浮现脑海，经过一番感悟，{1}道心愈发坚定，战斗之道愈发精进，开始逐渐融汇贯通，在战斗大道上，略有收获！{2}增加了：{3}
536	3	1120						茶香渺渺，{0}道心清明，静心感悟天道。过往的战斗经历浮现脑海，经过一番感悟，{1}道心愈发坚定，战斗之道愈发精进，开始逐渐融汇贯通，在战斗大道上，略有收获！{2}增加了：{3}
537	3		1120					茶香渺渺，{0}道心清明，静心感悟天道。过往的战斗经历浮现脑海，经过一番感悟，{1}道心愈发坚定，战斗之道愈发精进，开始逐渐融汇贯通，在战斗大道上，略有收获！{2}增加了：{3}
538	3			11200				茶香渺渺，{0}道心清明，静心感悟天道。过往的战斗经历浮现脑海，经过一番感悟，{1}道心愈发坚定，战斗之道愈发精进，开始逐渐融汇贯通，在战斗大道上，略有收获！{2}增加了：{3}
539	3				1120			茶香渺渺，{0}道心清明，静心感悟天道。过往的战斗经历浮现脑海，经过一番感悟，{1}道心愈发坚定，战斗之道愈发精进，开始逐渐融汇贯通，在战斗大道上，略有收获！{2}增加了：{3}
540	3					1120	2957	茶香渺渺，{0}道心清明，静心感悟天道。过往的战斗经历浮现脑海，经过一番感悟，{1}道心愈发坚定，战斗之道愈发精进，开始逐渐融汇贯通，在战斗大道上，略有收获！{2}增加了：{3}！同时领悟出了一套新的功法：《{4}》
541	4	1130						茶香渺渺，{0}道心清明，静心感悟天道。过往的战斗经历浮现脑海，经过一番感悟，{1}道心愈发坚定，战斗之道愈发精进，开始逐渐融汇贯通，在战斗大道上，略有收获！{2}增加了：{3}
542	4		1130					茶香渺渺，{0}道心清明，静心感悟天道。过往的战斗经历浮现脑海，经过一番感悟，{1}道心愈发坚定，战斗之道愈发精进，开始逐渐融汇贯通，在战斗大道上，略有收获！{2}增加了：{3}
543	4			11300				茶香渺渺，{0}道心清明，静心感悟天道。过往的战斗经历浮现脑海，经过一番感悟，{1}道心愈发坚定，战斗之道愈发精进，开始逐渐融汇贯通，在战斗大道上，略有收获！{2}增加了：{3}
544	4				1130			茶香渺渺，{0}道心清明，静心感悟天道。过往的战斗经历浮现脑海，经过一番感悟，{1}道心愈发坚定，战斗之道愈发精进，开始逐渐融汇贯通，在战斗大道上，略有收获！{2}增加了：{3}
545	4					1130		茶香渺渺，{0}道心清明，静心感悟天道。过往的战斗经历浮现脑海，经过一番感悟，{1}道心愈发坚定，战斗之道愈发精进，开始逐渐融汇贯通，在战斗大道上，略有收获！{2}增加了：{3}
546	4	1140						茶香渺渺，{0}道心清明，静心感悟天道。过往的战斗经历浮现脑海，经过一番感悟，{1}道心愈发坚定，战斗之道愈发精进，开始逐渐融汇贯通，在战斗大道上，略有收获！{2}增加了：{3}
547	4		1140					茶香渺渺，{0}道心清明，静心感悟天道。过往的战斗经历浮现脑海，经过一番感悟，{1}道心愈发坚定，战斗之道愈发精进，开始逐渐融汇贯通，在战斗大道上，略有收获！{2}增加了：{3}
548	4			11400				茶香渺渺，{0}道心清明，静心感悟天道。过往的战斗经历浮现脑海，经过一番感悟，{1}道心愈发坚定，战斗之道愈发精进，开始逐渐融汇贯通，在战斗大道上，略有收获！{2}增加了：{3}
549	4				1140			茶香渺渺，{0}道心清明，静心感悟天道。过往的战斗经历浮现脑海，经过一番感悟，{1}道心愈发坚定，战斗之道愈发精进，开始逐渐融汇贯通，在战斗大道上，略有收获！{2}增加了：{3}
550	4					1140		茶香渺渺，{0}道心清明，静心感悟天道。过往的战斗经历浮现脑海，经过一番感悟，{1}道心愈发坚定，战斗之道愈发精进，开始逐渐融汇贯通，在战斗大道上，略有收获！{2}增加了：{3}
551	4	1150						茶香渺渺，{0}道心清明，静心感悟天道。过往的战斗经历浮现脑海，经过一番感悟，{1}道心愈发坚定，战斗之道愈发精进，开始逐渐融汇贯通，在战斗大道上，略有收获！{2}增加了：{3}
552	4		1150					茶香渺渺，{0}道心清明，静心感悟天道。过往的战斗经历浮现脑海，经过一番感悟，{1}道心愈发坚定，战斗之道愈发精进，开始逐渐融汇贯通，在战斗大道上，略有收获！{2}增加了：{3}
553	4			11500				茶香渺渺，{0}道心清明，静心感悟天道。过往的战斗经历浮现脑海，经过一番感悟，{1}道心愈发坚定，战斗之道愈发精进，开始逐渐融汇贯通，在战斗大道上，略有收获！{2}增加了：{3}
554	4				1150			茶香渺渺，{0}道心清明，静心感悟天道。过往的战斗经历浮现脑海，经过一番感悟，{1}道心愈发坚定，战斗之道愈发精进，开始逐渐融汇贯通，在战斗大道上，略有收获！{2}增加了：{3}
555	4					1150		茶香渺渺，{0}道心清明，静心感悟天道。过往的战斗经历浮现脑海，经过一番感悟，{1}道心愈发坚定，战斗之道愈发精进，开始逐渐融汇贯通，在战斗大道上，略有收获！{2}增加了：{3}
556	4	1160						茶香渺渺，{0}道心清明，静心感悟天道。过往的战斗经历浮现脑海，经过一番感悟，{1}道心愈发坚定，战斗之道愈发精进，开始逐渐融汇贯通，在战斗大道上，略有收获！{2}增加了：{3}
557	4		1160					茶香渺渺，{0}道心清明，静心感悟天道。过往的战斗经历浮现脑海，经过一番感悟，{1}道心愈发坚定，战斗之道愈发精进，开始逐渐融汇贯通，在战斗大道上，略有收获！{2}增加了：{3}
558	4			11600				茶香渺渺，{0}道心清明，静心感悟天道。过往的战斗经历浮现脑海，经过一番感悟，{1}道心愈发坚定，战斗之道愈发精进，开始逐渐融汇贯通，在战斗大道上，略有收获！{2}增加了：{3}
559	4				1160			茶香渺渺，{0}道心清明，静心感悟天道。过往的战斗经历浮现脑海，经过一番感悟，{1}道心愈发坚定，战斗之道愈发精进，开始逐渐融汇贯通，在战斗大道上，略有收获！{2}增加了：{3}
560	4					1160	2958	茶香渺渺，{0}道心清明，静心感悟天道。过往的战斗经历浮现脑海，经过一番感悟，{1}道心愈发坚定，战斗之道愈发精进，开始逐渐融汇贯通，在战斗大道上，略有收获！{2}增加了：{3}！同时领悟出了一套新的功法：《{4}》
561	4	1170						茶香渺渺，{0}道心清明，静心感悟天道。过往的战斗经历浮现脑海，经过一番感悟，{1}道心愈发坚定，战斗之道愈发精进，开始逐渐融汇贯通，在战斗大道上，略有收获！{2}增加了：{3}
562	4		1170					茶香渺渺，{0}道心清明，静心感悟天道。过往的战斗经历浮现脑海，经过一番感悟，{1}道心愈发坚定，战斗之道愈发精进，开始逐渐融汇贯通，在战斗大道上，略有收获！{2}增加了：{3}
563	4			11700				茶香渺渺，{0}道心清明，静心感悟天道。过往的战斗经历浮现脑海，经过一番感悟，{1}道心愈发坚定，战斗之道愈发精进，开始逐渐融汇贯通，在战斗大道上，略有收获！{2}增加了：{3}
564	4				1170			茶香渺渺，{0}道心清明，静心感悟天道。过往的战斗经历浮现脑海，经过一番感悟，{1}道心愈发坚定，战斗之道愈发精进，开始逐渐融汇贯通，在战斗大道上，略有收获！{2}增加了：{3}
565	4					1170		茶香渺渺，{0}道心清明，静心感悟天道。过往的战斗经历浮现脑海，经过一番感悟，{1}道心愈发坚定，战斗之道愈发精进，开始逐渐融汇贯通，在战斗大道上，略有收获！{2}增加了：{3}
566	4	1180						茶香渺渺，{0}道心清明，静心感悟天道。过往的战斗经历浮现脑海，经过一番感悟，{1}道心愈发坚定，战斗之道愈发精进，开始逐渐融汇贯通，在战斗大道上，略有收获！{2}增加了：{3}
567	4		1180					茶香渺渺，{0}道心清明，静心感悟天道。过往的战斗经历浮现脑海，经过一番感悟，{1}道心愈发坚定，战斗之道愈发精进，开始逐渐融汇贯通，在战斗大道上，略有收获！{2}增加了：{3}
568	4			11800				茶香渺渺，{0}道心清明，静心感悟天道。过往的战斗经历浮现脑海，经过一番感悟，{1}道心愈发坚定，战斗之道愈发精进，开始逐渐融汇贯通，在战斗大道上，略有收获！{2}增加了：{3}
569	4				1180			茶香渺渺，{0}道心清明，静心感悟天道。过往的战斗经历浮现脑海，经过一番感悟，{1}道心愈发坚定，战斗之道愈发精进，开始逐渐融汇贯通，在战斗大道上，略有收获！{2}增加了：{3}
570	4					1180		茶香渺渺，{0}道心清明，静心感悟天道。过往的战斗经历浮现脑海，经过一番感悟，{1}道心愈发坚定，战斗之道愈发精进，开始逐渐融汇贯通，在战斗大道上，略有收获！{2}增加了：{3}
571	4	1190						茶香渺渺，{0}道心清明，静心感悟天道。过往的战斗经历浮现脑海，经过一番感悟，{1}道心愈发坚定，战斗之道愈发精进，开始逐渐融汇贯通，在战斗大道上，略有收获！{2}增加了：{3}
572	4		1190					茶香渺渺，{0}道心清明，静心感悟天道。过往的战斗经历浮现脑海，经过一番感悟，{1}道心愈发坚定，战斗之道愈发精进，开始逐渐融汇贯通，在战斗大道上，略有收获！{2}增加了：{3}
573	4			11900				茶香渺渺，{0}道心清明，静心感悟天道。过往的战斗经历浮现脑海，经过一番感悟，{1}道心愈发坚定，战斗之道愈发精进，开始逐渐融汇贯通，在战斗大道上，略有收获！{2}增加了：{3}
574	4				1190			茶香渺渺，{0}道心清明，静心感悟天道。过往的战斗经历浮现脑海，经过一番感悟，{1}道心愈发坚定，战斗之道愈发精进，开始逐渐融汇贯通，在战斗大道上，略有收获！{2}增加了：{3}
575	4					1190		茶香渺渺，{0}道心清明，静心感悟天道。过往的战斗经历浮现脑海，经过一番感悟，{1}道心愈发坚定，战斗之道愈发精进，开始逐渐融汇贯通，在战斗大道上，略有收获！{2}增加了：{3}
576	4	1200						茶香渺渺，{0}道心清明，静心感悟天道。过往的战斗经历浮现脑海，经过一番感悟，{1}道心愈发坚定，战斗之道愈发精进，开始逐渐融汇贯通，在战斗大道上，略有收获！{2}增加了：{3}
577	4		1200					茶香渺渺，{0}道心清明，静心感悟天道。过往的战斗经历浮现脑海，经过一番感悟，{1}道心愈发坚定，战斗之道愈发精进，开始逐渐融汇贯通，在战斗大道上，略有收获！{2}增加了：{3}
578	4			12000				茶香渺渺，{0}道心清明，静心感悟天道。过往的战斗经历浮现脑海，经过一番感悟，{1}道心愈发坚定，战斗之道愈发精进，开始逐渐融汇贯通，在战斗大道上，略有收获！{2}增加了：{3}
579	4				1200			茶香渺渺，{0}道心清明，静心感悟天道。过往的战斗经历浮现脑海，经过一番感悟，{1}道心愈发坚定，战斗之道愈发精进，开始逐渐融汇贯通，在战斗大道上，略有收获！{2}增加了：{3}
580	4					1200	2959	茶香渺渺，{0}道心清明，静心感悟天道。过往的战斗经历浮现脑海，经过一番感悟，{1}道心愈发坚定，战斗之道愈发精进，开始逐渐融汇贯通，在战斗大道上，略有收获！{2}增加了：{3}！同时领悟出了一套新的功法：《{4}》
581	4	1210						茶香渺渺，{0}道心清明，静心感悟天道。过往的战斗经历浮现脑海，经过一番感悟，{1}道心愈发坚定，战斗之道愈发精进，开始逐渐融汇贯通，在战斗大道上，略有收获！{2}增加了：{3}
582	4		1210					茶香渺渺，{0}道心清明，静心感悟天道。过往的战斗经历浮现脑海，经过一番感悟，{1}道心愈发坚定，战斗之道愈发精进，开始逐渐融汇贯通，在战斗大道上，略有收获！{2}增加了：{3}
583	4			12100				茶香渺渺，{0}道心清明，静心感悟天道。过往的战斗经历浮现脑海，经过一番感悟，{1}道心愈发坚定，战斗之道愈发精进，开始逐渐融汇贯通，在战斗大道上，略有收获！{2}增加了：{3}
584	4				1210			茶香渺渺，{0}道心清明，静心感悟天道。过往的战斗经历浮现脑海，经过一番感悟，{1}道心愈发坚定，战斗之道愈发精进，开始逐渐融汇贯通，在战斗大道上，略有收获！{2}增加了：{3}
585	4					1210		茶香渺渺，{0}道心清明，静心感悟天道。过往的战斗经历浮现脑海，经过一番感悟，{1}道心愈发坚定，战斗之道愈发精进，开始逐渐融汇贯通，在战斗大道上，略有收获！{2}增加了：{3}
586	4	1220						茶香渺渺，{0}道心清明，静心感悟天道。过往的战斗经历浮现脑海，经过一番感悟，{1}道心愈发坚定，战斗之道愈发精进，开始逐渐融汇贯通，在战斗大道上，略有收获！{2}增加了：{3}
587	4		1220					茶香渺渺，{0}道心清明，静心感悟天道。过往的战斗经历浮现脑海，经过一番感悟，{1}道心愈发坚定，战斗之道愈发精进，开始逐渐融汇贯通，在战斗大道上，略有收获！{2}增加了：{3}
588	4			12200				茶香渺渺，{0}道心清明，静心感悟天道。过往的战斗经历浮现脑海，经过一番感悟，{1}道心愈发坚定，战斗之道愈发精进，开始逐渐融汇贯通，在战斗大道上，略有收获！{2}增加了：{3}
589	4				1220			茶香渺渺，{0}道心清明，静心感悟天道。过往的战斗经历浮现脑海，经过一番感悟，{1}道心愈发坚定，战斗之道愈发精进，开始逐渐融汇贯通，在战斗大道上，略有收获！{2}增加了：{3}
590	4					1220		茶香渺渺，{0}道心清明，静心感悟天道。过往的战斗经历浮现脑海，经过一番感悟，{1}道心愈发坚定，战斗之道愈发精进，开始逐渐融汇贯通，在战斗大道上，略有收获！{2}增加了：{3}
591	4	1230						茶香渺渺，{0}道心清明，静心感悟天道。过往的战斗经历浮现脑海，经过一番感悟，{1}道心愈发坚定，战斗之道愈发精进，开始逐渐融汇贯通，在战斗大道上，略有收获！{2}增加了：{3}
592	4		1230					茶香渺渺，{0}道心清明，静心感悟天道。过往的战斗经历浮现脑海，经过一番感悟，{1}道心愈发坚定，战斗之道愈发精进，开始逐渐融汇贯通，在战斗大道上，略有收获！{2}增加了：{3}
593	4			12300				茶香渺渺，{0}道心清明，静心感悟天道。过往的战斗经历浮现脑海，经过一番感悟，{1}道心愈发坚定，战斗之道愈发精进，开始逐渐融汇贯通，在战斗大道上，略有收获！{2}增加了：{3}
594	4				1230			茶香渺渺，{0}道心清明，静心感悟天道。过往的战斗经历浮现脑海，经过一番感悟，{1}道心愈发坚定，战斗之道愈发精进，开始逐渐融汇贯通，在战斗大道上，略有收获！{2}增加了：{3}
595	4					1230		茶香渺渺，{0}道心清明，静心感悟天道。过往的战斗经历浮现脑海，经过一番感悟，{1}道心愈发坚定，战斗之道愈发精进，开始逐渐融汇贯通，在战斗大道上，略有收获！{2}增加了：{3}
596	4	1240						茶香渺渺，{0}道心清明，静心感悟天道。过往的战斗经历浮现脑海，经过一番感悟，{1}道心愈发坚定，战斗之道愈发精进，开始逐渐融汇贯通，在战斗大道上，略有收获！{2}增加了：{3}
597	4		1240					茶香渺渺，{0}道心清明，静心感悟天道。过往的战斗经历浮现脑海，经过一番感悟，{1}道心愈发坚定，战斗之道愈发精进，开始逐渐融汇贯通，在战斗大道上，略有收获！{2}增加了：{3}
598	4			12400				茶香渺渺，{0}道心清明，静心感悟天道。过往的战斗经历浮现脑海，经过一番感悟，{1}道心愈发坚定，战斗之道愈发精进，开始逐渐融汇贯通，在战斗大道上，略有收获！{2}增加了：{3}
599	4				1240			茶香渺渺，{0}道心清明，静心感悟天道。过往的战斗经历浮现脑海，经过一番感悟，{1}道心愈发坚定，战斗之道愈发精进，开始逐渐融汇贯通，在战斗大道上，略有收获！{2}增加了：{3}
600	4					1240	2960	茶香渺渺，{0}道心清明，静心感悟天道。过往的战斗经历浮现脑海，经过一番感悟，{1}道心愈发坚定，战斗之道愈发精进，开始逐渐融汇贯通，在战斗大道上，略有收获！{2}增加了：{3}！同时领悟出了一套新的功法：《{4}》
601	4	1250						茶香渺渺，{0}道心清明，静心感悟天道。过往的战斗经历浮现脑海，经过一番感悟，{1}道心愈发坚定，战斗之道愈发精进，开始逐渐融汇贯通，在战斗大道上，略有收获！{2}增加了：{3}
602	4		1250					茶香渺渺，{0}道心清明，静心感悟天道。过往的战斗经历浮现脑海，经过一番感悟，{1}道心愈发坚定，战斗之道愈发精进，开始逐渐融汇贯通，在战斗大道上，略有收获！{2}增加了：{3}
603	4			12500				茶香渺渺，{0}道心清明，静心感悟天道。过往的战斗经历浮现脑海，经过一番感悟，{1}道心愈发坚定，战斗之道愈发精进，开始逐渐融汇贯通，在战斗大道上，略有收获！{2}增加了：{3}
604	4				1250			茶香渺渺，{0}道心清明，静心感悟天道。过往的战斗经历浮现脑海，经过一番感悟，{1}道心愈发坚定，战斗之道愈发精进，开始逐渐融汇贯通，在战斗大道上，略有收获！{2}增加了：{3}
605	4					1250		茶香渺渺，{0}道心清明，静心感悟天道。过往的战斗经历浮现脑海，经过一番感悟，{1}道心愈发坚定，战斗之道愈发精进，开始逐渐融汇贯通，在战斗大道上，略有收获！{2}增加了：{3}
606	4	1260						茶香渺渺，{0}道心清明，静心感悟天道。过往的战斗经历浮现脑海，经过一番感悟，{1}道心愈发坚定，战斗之道愈发精进，开始逐渐融汇贯通，在战斗大道上，略有收获！{2}增加了：{3}
607	4		1260					茶香渺渺，{0}道心清明，静心感悟天道。过往的战斗经历浮现脑海，经过一番感悟，{1}道心愈发坚定，战斗之道愈发精进，开始逐渐融汇贯通，在战斗大道上，略有收获！{2}增加了：{3}
608	4			12600				茶香渺渺，{0}道心清明，静心感悟天道。过往的战斗经历浮现脑海，经过一番感悟，{1}道心愈发坚定，战斗之道愈发精进，开始逐渐融汇贯通，在战斗大道上，略有收获！{2}增加了：{3}
609	4				1260			茶香渺渺，{0}道心清明，静心感悟天道。过往的战斗经历浮现脑海，经过一番感悟，{1}道心愈发坚定，战斗之道愈发精进，开始逐渐融汇贯通，在战斗大道上，略有收获！{2}增加了：{3}
610	4					1260		茶香渺渺，{0}道心清明，静心感悟天道。过往的战斗经历浮现脑海，经过一番感悟，{1}道心愈发坚定，战斗之道愈发精进，开始逐渐融汇贯通，在战斗大道上，略有收获！{2}增加了：{3}
611	4	1270						茶香渺渺，{0}道心清明，静心感悟天道。过往的战斗经历浮现脑海，经过一番感悟，{1}道心愈发坚定，战斗之道愈发精进，开始逐渐融汇贯通，在战斗大道上，略有收获！{2}增加了：{3}
612	4		1270					茶香渺渺，{0}道心清明，静心感悟天道。过往的战斗经历浮现脑海，经过一番感悟，{1}道心愈发坚定，战斗之道愈发精进，开始逐渐融汇贯通，在战斗大道上，略有收获！{2}增加了：{3}
613	4			12700				茶香渺渺，{0}道心清明，静心感悟天道。过往的战斗经历浮现脑海，经过一番感悟，{1}道心愈发坚定，战斗之道愈发精进，开始逐渐融汇贯通，在战斗大道上，略有收获！{2}增加了：{3}
614	4				1270			茶香渺渺，{0}道心清明，静心感悟天道。过往的战斗经历浮现脑海，经过一番感悟，{1}道心愈发坚定，战斗之道愈发精进，开始逐渐融汇贯通，在战斗大道上，略有收获！{2}增加了：{3}
615	4					1270		茶香渺渺，{0}道心清明，静心感悟天道。过往的战斗经历浮现脑海，经过一番感悟，{1}道心愈发坚定，战斗之道愈发精进，开始逐渐融汇贯通，在战斗大道上，略有收获！{2}增加了：{3}
616	4	1280						茶香渺渺，{0}道心清明，静心感悟天道。过往的战斗经历浮现脑海，经过一番感悟，{1}道心愈发坚定，战斗之道愈发精进，开始逐渐融汇贯通，在战斗大道上，略有收获！{2}增加了：{3}
617	4		1280					茶香渺渺，{0}道心清明，静心感悟天道。过往的战斗经历浮现脑海，经过一番感悟，{1}道心愈发坚定，战斗之道愈发精进，开始逐渐融汇贯通，在战斗大道上，略有收获！{2}增加了：{3}
618	4			12800				茶香渺渺，{0}道心清明，静心感悟天道。过往的战斗经历浮现脑海，经过一番感悟，{1}道心愈发坚定，战斗之道愈发精进，开始逐渐融汇贯通，在战斗大道上，略有收获！{2}增加了：{3}
619	4				1280			茶香渺渺，{0}道心清明，静心感悟天道。过往的战斗经历浮现脑海，经过一番感悟，{1}道心愈发坚定，战斗之道愈发精进，开始逐渐融汇贯通，在战斗大道上，略有收获！{2}增加了：{3}
620	4					1280	2961	茶香渺渺，{0}道心清明，静心感悟天道。过往的战斗经历浮现脑海，经过一番感悟，{1}道心愈发坚定，战斗之道愈发精进，开始逐渐融汇贯通，在战斗大道上，略有收获！{2}增加了：{3}！同时领悟出了一套新的功法：《{4}》
621	4	1290						茶香渺渺，{0}道心清明，静心感悟天道。过往的战斗经历浮现脑海，经过一番感悟，{1}道心愈发坚定，战斗之道愈发精进，开始逐渐融汇贯通，在战斗大道上，略有收获！{2}增加了：{3}
622	4		1290					茶香渺渺，{0}道心清明，静心感悟天道。过往的战斗经历浮现脑海，经过一番感悟，{1}道心愈发坚定，战斗之道愈发精进，开始逐渐融汇贯通，在战斗大道上，略有收获！{2}增加了：{3}
623	4			12900				茶香渺渺，{0}道心清明，静心感悟天道。过往的战斗经历浮现脑海，经过一番感悟，{1}道心愈发坚定，战斗之道愈发精进，开始逐渐融汇贯通，在战斗大道上，略有收获！{2}增加了：{3}
624	4				1290			茶香渺渺，{0}道心清明，静心感悟天道。过往的战斗经历浮现脑海，经过一番感悟，{1}道心愈发坚定，战斗之道愈发精进，开始逐渐融汇贯通，在战斗大道上，略有收获！{2}增加了：{3}
625	4					1290		茶香渺渺，{0}道心清明，静心感悟天道。过往的战斗经历浮现脑海，经过一番感悟，{1}道心愈发坚定，战斗之道愈发精进，开始逐渐融汇贯通，在战斗大道上，略有收获！{2}增加了：{3}
626	4	1300						茶香渺渺，{0}道心清明，静心感悟天道。过往的战斗经历浮现脑海，经过一番感悟，{1}道心愈发坚定，战斗之道愈发精进，开始逐渐融汇贯通，在战斗大道上，略有收获！{2}增加了：{3}
627	4		1300					茶香渺渺，{0}道心清明，静心感悟天道。过往的战斗经历浮现脑海，经过一番感悟，{1}道心愈发坚定，战斗之道愈发精进，开始逐渐融汇贯通，在战斗大道上，略有收获！{2}增加了：{3}
628	4			13000				茶香渺渺，{0}道心清明，静心感悟天道。过往的战斗经历浮现脑海，经过一番感悟，{1}道心愈发坚定，战斗之道愈发精进，开始逐渐融汇贯通，在战斗大道上，略有收获！{2}增加了：{3}
629	4				1300			茶香渺渺，{0}道心清明，静心感悟天道。过往的战斗经历浮现脑海，经过一番感悟，{1}道心愈发坚定，战斗之道愈发精进，开始逐渐融汇贯通，在战斗大道上，略有收获！{2}增加了：{3}
630	4					1300		茶香渺渺，{0}道心清明，静心感悟天道。过往的战斗经历浮现脑海，经过一番感悟，{1}道心愈发坚定，战斗之道愈发精进，开始逐渐融汇贯通，在战斗大道上，略有收获！{2}增加了：{3}
631	4	1310						茶香渺渺，{0}道心清明，静心感悟天道。过往的战斗经历浮现脑海，经过一番感悟，{1}道心愈发坚定，战斗之道愈发精进，开始逐渐融汇贯通，在战斗大道上，略有收获！{2}增加了：{3}
632	4		1310					茶香渺渺，{0}道心清明，静心感悟天道。过往的战斗经历浮现脑海，经过一番感悟，{1}道心愈发坚定，战斗之道愈发精进，开始逐渐融汇贯通，在战斗大道上，略有收获！{2}增加了：{3}
633	4			13100				茶香渺渺，{0}道心清明，静心感悟天道。过往的战斗经历浮现脑海，经过一番感悟，{1}道心愈发坚定，战斗之道愈发精进，开始逐渐融汇贯通，在战斗大道上，略有收获！{2}增加了：{3}
634	4				1310			茶香渺渺，{0}道心清明，静心感悟天道。过往的战斗经历浮现脑海，经过一番感悟，{1}道心愈发坚定，战斗之道愈发精进，开始逐渐融汇贯通，在战斗大道上，略有收获！{2}增加了：{3}
635	4					1310		茶香渺渺，{0}道心清明，静心感悟天道。过往的战斗经历浮现脑海，经过一番感悟，{1}道心愈发坚定，战斗之道愈发精进，开始逐渐融汇贯通，在战斗大道上，略有收获！{2}增加了：{3}
636	4	1320						茶香渺渺，{0}道心清明，静心感悟天道。过往的战斗经历浮现脑海，经过一番感悟，{1}道心愈发坚定，战斗之道愈发精进，开始逐渐融汇贯通，在战斗大道上，略有收获！{2}增加了：{3}
637	4		1320					茶香渺渺，{0}道心清明，静心感悟天道。过往的战斗经历浮现脑海，经过一番感悟，{1}道心愈发坚定，战斗之道愈发精进，开始逐渐融汇贯通，在战斗大道上，略有收获！{2}增加了：{3}
638	4			13200				茶香渺渺，{0}道心清明，静心感悟天道。过往的战斗经历浮现脑海，经过一番感悟，{1}道心愈发坚定，战斗之道愈发精进，开始逐渐融汇贯通，在战斗大道上，略有收获！{2}增加了：{3}
639	4				1320			茶香渺渺，{0}道心清明，静心感悟天道。过往的战斗经历浮现脑海，经过一番感悟，{1}道心愈发坚定，战斗之道愈发精进，开始逐渐融汇贯通，在战斗大道上，略有收获！{2}增加了：{3}
640	4					1320	2962	茶香渺渺，{0}道心清明，静心感悟天道。过往的战斗经历浮现脑海，经过一番感悟，{1}道心愈发坚定，战斗之道愈发精进，开始逐渐融汇贯通，在战斗大道上，略有收获！{2}增加了：{3}！同时领悟出了一套新的功法：《{4}》
641	4	1330						茶香渺渺，{0}道心清明，静心感悟天道。过往的战斗经历浮现脑海，经过一番感悟，{1}道心愈发坚定，战斗之道愈发精进，开始逐渐融汇贯通，在战斗大道上，略有收获！{2}增加了：{3}
642	4		1330					茶香渺渺，{0}道心清明，静心感悟天道。过往的战斗经历浮现脑海，经过一番感悟，{1}道心愈发坚定，战斗之道愈发精进，开始逐渐融汇贯通，在战斗大道上，略有收获！{2}增加了：{3}
643	4			13300				茶香渺渺，{0}道心清明，静心感悟天道。过往的战斗经历浮现脑海，经过一番感悟，{1}道心愈发坚定，战斗之道愈发精进，开始逐渐融汇贯通，在战斗大道上，略有收获！{2}增加了：{3}
644	4				1330			茶香渺渺，{0}道心清明，静心感悟天道。过往的战斗经历浮现脑海，经过一番感悟，{1}道心愈发坚定，战斗之道愈发精进，开始逐渐融汇贯通，在战斗大道上，略有收获！{2}增加了：{3}
645	4					1330		茶香渺渺，{0}道心清明，静心感悟天道。过往的战斗经历浮现脑海，经过一番感悟，{1}道心愈发坚定，战斗之道愈发精进，开始逐渐融汇贯通，在战斗大道上，略有收获！{2}增加了：{3}
646	4	1340						茶香渺渺，{0}道心清明，静心感悟天道。过往的战斗经历浮现脑海，经过一番感悟，{1}道心愈发坚定，战斗之道愈发精进，开始逐渐融汇贯通，在战斗大道上，略有收获！{2}增加了：{3}
647	4		1340					茶香渺渺，{0}道心清明，静心感悟天道。过往的战斗经历浮现脑海，经过一番感悟，{1}道心愈发坚定，战斗之道愈发精进，开始逐渐融汇贯通，在战斗大道上，略有收获！{2}增加了：{3}
648	4			13400				茶香渺渺，{0}道心清明，静心感悟天道。过往的战斗经历浮现脑海，经过一番感悟，{1}道心愈发坚定，战斗之道愈发精进，开始逐渐融汇贯通，在战斗大道上，略有收获！{2}增加了：{3}
649	4				1340			茶香渺渺，{0}道心清明，静心感悟天道。过往的战斗经历浮现脑海，经过一番感悟，{1}道心愈发坚定，战斗之道愈发精进，开始逐渐融汇贯通，在战斗大道上，略有收获！{2}增加了：{3}
650	4					1340		茶香渺渺，{0}道心清明，静心感悟天道。过往的战斗经历浮现脑海，经过一番感悟，{1}道心愈发坚定，战斗之道愈发精进，开始逐渐融汇贯通，在战斗大道上，略有收获！{2}增加了：{3}
651	4	1350						茶香渺渺，{0}道心清明，静心感悟天道。过往的战斗经历浮现脑海，经过一番感悟，{1}道心愈发坚定，战斗之道愈发精进，开始逐渐融汇贯通，在战斗大道上，略有收获！{2}增加了：{3}
652	4		1350					茶香渺渺，{0}道心清明，静心感悟天道。过往的战斗经历浮现脑海，经过一番感悟，{1}道心愈发坚定，战斗之道愈发精进，开始逐渐融汇贯通，在战斗大道上，略有收获！{2}增加了：{3}
653	4			13500				茶香渺渺，{0}道心清明，静心感悟天道。过往的战斗经历浮现脑海，经过一番感悟，{1}道心愈发坚定，战斗之道愈发精进，开始逐渐融汇贯通，在战斗大道上，略有收获！{2}增加了：{3}
654	4				1350			茶香渺渺，{0}道心清明，静心感悟天道。过往的战斗经历浮现脑海，经过一番感悟，{1}道心愈发坚定，战斗之道愈发精进，开始逐渐融汇贯通，在战斗大道上，略有收获！{2}增加了：{3}
655	4					1350		茶香渺渺，{0}道心清明，静心感悟天道。过往的战斗经历浮现脑海，经过一番感悟，{1}道心愈发坚定，战斗之道愈发精进，开始逐渐融汇贯通，在战斗大道上，略有收获！{2}增加了：{3}
656	4	1360						茶香渺渺，{0}道心清明，静心感悟天道。过往的战斗经历浮现脑海，经过一番感悟，{1}道心愈发坚定，战斗之道愈发精进，开始逐渐融汇贯通，在战斗大道上，略有收获！{2}增加了：{3}
657	4		1360					茶香渺渺，{0}道心清明，静心感悟天道。过往的战斗经历浮现脑海，经过一番感悟，{1}道心愈发坚定，战斗之道愈发精进，开始逐渐融汇贯通，在战斗大道上，略有收获！{2}增加了：{3}
658	4			13600				茶香渺渺，{0}道心清明，静心感悟天道。过往的战斗经历浮现脑海，经过一番感悟，{1}道心愈发坚定，战斗之道愈发精进，开始逐渐融汇贯通，在战斗大道上，略有收获！{2}增加了：{3}
659	4				1360			茶香渺渺，{0}道心清明，静心感悟天道。过往的战斗经历浮现脑海，经过一番感悟，{1}道心愈发坚定，战斗之道愈发精进，开始逐渐融汇贯通，在战斗大道上，略有收获！{2}增加了：{3}
660	4					1360	2963	茶香渺渺，{0}道心清明，静心感悟天道。过往的战斗经历浮现脑海，经过一番感悟，{1}道心愈发坚定，战斗之道愈发精进，开始逐渐融汇贯通，在战斗大道上，略有收获！{2}增加了：{3}！同时领悟出了一套新的功法：《{4}》
661	4	1370						茶香渺渺，{0}道心清明，静心感悟天道。过往的战斗经历浮现脑海，经过一番感悟，{1}道心愈发坚定，战斗之道愈发精进，开始逐渐融汇贯通，在战斗大道上，略有收获！{2}增加了：{3}
662	4		1370					茶香渺渺，{0}道心清明，静心感悟天道。过往的战斗经历浮现脑海，经过一番感悟，{1}道心愈发坚定，战斗之道愈发精进，开始逐渐融汇贯通，在战斗大道上，略有收获！{2}增加了：{3}
663	4			13700				茶香渺渺，{0}道心清明，静心感悟天道。过往的战斗经历浮现脑海，经过一番感悟，{1}道心愈发坚定，战斗之道愈发精进，开始逐渐融汇贯通，在战斗大道上，略有收获！{2}增加了：{3}
664	4				1370			茶香渺渺，{0}道心清明，静心感悟天道。过往的战斗经历浮现脑海，经过一番感悟，{1}道心愈发坚定，战斗之道愈发精进，开始逐渐融汇贯通，在战斗大道上，略有收获！{2}增加了：{3}
665	4					1370		茶香渺渺，{0}道心清明，静心感悟天道。过往的战斗经历浮现脑海，经过一番感悟，{1}道心愈发坚定，战斗之道愈发精进，开始逐渐融汇贯通，在战斗大道上，略有收获！{2}增加了：{3}
666	4	1380						茶香渺渺，{0}道心清明，静心感悟天道。过往的战斗经历浮现脑海，经过一番感悟，{1}道心愈发坚定，战斗之道愈发精进，开始逐渐融汇贯通，在战斗大道上，略有收获！{2}增加了：{3}
667	4		1380					茶香渺渺，{0}道心清明，静心感悟天道。过往的战斗经历浮现脑海，经过一番感悟，{1}道心愈发坚定，战斗之道愈发精进，开始逐渐融汇贯通，在战斗大道上，略有收获！{2}增加了：{3}
668	4			13800				茶香渺渺，{0}道心清明，静心感悟天道。过往的战斗经历浮现脑海，经过一番感悟，{1}道心愈发坚定，战斗之道愈发精进，开始逐渐融汇贯通，在战斗大道上，略有收获！{2}增加了：{3}
669	4				1380			茶香渺渺，{0}道心清明，静心感悟天道。过往的战斗经历浮现脑海，经过一番感悟，{1}道心愈发坚定，战斗之道愈发精进，开始逐渐融汇贯通，在战斗大道上，略有收获！{2}增加了：{3}
670	4					1380		茶香渺渺，{0}道心清明，静心感悟天道。过往的战斗经历浮现脑海，经过一番感悟，{1}道心愈发坚定，战斗之道愈发精进，开始逐渐融汇贯通，在战斗大道上，略有收获！{2}增加了：{3}
