Level_XBXXZ	Name_XBXXZ	Yield_XBXXZ	Iron_XBXXZ	Wood_XBXXZ	Pill_XBXXZ	Limit_XBXXZ	Time_XBXXZ
1	1级聚灵阵	1	45	36	72	360	60
2	2级聚灵阵	2	90	72	144	720	120
3	3级聚灵阵	3	135	108	216	1080	180
4	4级聚灵阵	4	180	144	288	1440	240
5	5级聚灵阵	5	225	180	360	1800	300
6	6级聚灵阵	6	270	216	432	2160	360
7	7级聚灵阵	7	315	252	504	2520	420
8	8级聚灵阵	8	360	288	576	2880	480
9	9级聚灵阵	9	405	324	648	3240	540
10	10级聚灵阵	10	450	360	720	3600	600
11	11级聚灵阵	11	495	396	792	3960	660
12	12级聚灵阵	12	540	432	864	4320	720
13	13级聚灵阵	13	585	468	936	4680	780
14	14级聚灵阵	14	630	504	1008	5040	840
15	15级聚灵阵	15	675	540	1080	5400	900
16	16级聚灵阵	16	720	576	1152	5760	960
17	17级聚灵阵	17	765	612	1224	6120	1020
18	18级聚灵阵	18	810	648	1296	6480	1080
19	19级聚灵阵	19	855	684	1368	6840	1140
20	20级聚灵阵	20	900	720	1440	7200	1200
21	21级聚灵阵	21	945	756	1512	7560	1260
22	22级聚灵阵	22	990	792	1584	7920	1320
23	23级聚灵阵	23	1035	828	1656	8280	1380
24	24级聚灵阵	24	1080	864	1728	8640	1440
25	25级聚灵阵	25	1125	900	1800	9000	1500
26	26级聚灵阵	26	1170	936	1872	9360	1560
27	27级聚灵阵	27	1215	972	1944	9720	1620
28	28级聚灵阵	28	1260	1008	2016	10080	1680
29	29级聚灵阵	29	1305	1044	2088	10440	1740
30	30级聚灵阵	30	1350	1080	2160	10800	1800
31	31级聚灵阵	31	1395	1116	2232	11160	1860
32	32级聚灵阵	32	1440	1152	2304	11520	1920
33	33级聚灵阵	33	1485	1188	2376	11880	1980
34	34级聚灵阵	34	1530	1224	2448	12240	2040
35	35级聚灵阵	35	1575	1260	2520	12600	2100
36	36级聚灵阵	36	1620	1296	2592	12960	2160
37	37级聚灵阵	37	1665	1332	2664	13320	2220
38	38级聚灵阵	38	1710	1368	2736	13680	2280
39	39级聚灵阵	39	1755	1404	2808	14040	2340
40	40级聚灵阵	40	1800	1440	2880	14400	2400
41	41级聚灵阵	41	1845	1476	2952	14760	2460
42	42级聚灵阵	42	1890	1512	3024	15120	2520
43	43级聚灵阵	43	1935	1548	3096	15480	2580
44	44级聚灵阵	44	1980	1584	3168	15840	2640
45	45级聚灵阵	45	2025	1620	3240	16200	2700
46	46级聚灵阵	46	2070	1656	3312	16560	2760
47	47级聚灵阵	47	2115	1692	3384	16920	2820
48	48级聚灵阵	48	2160	1728	3456	17280	2880
49	49级聚灵阵	49	2205	1764	3528	17640	2940
50	50级聚灵阵	51	2295	1836	3672	18360	3000
51	51级聚灵阵	53	2385	1908	3816	19080	3060
52	52级聚灵阵	55	2475	1980	3960	19800	3120
53	53级聚灵阵	57	2565	2052	4104	20520	3180
54	54级聚灵阵	59	2655	2124	4248	21240	3240
55	55级聚灵阵	61	2745	2196	4392	21960	3300
56	56级聚灵阵	63	2835	2268	4536	22680	3360
57	57级聚灵阵	65	2925	2340	4680	23400	3420
58	58级聚灵阵	67	3015	2412	4824	24120	3480
59	59级聚灵阵	69	3105	2484	4968	24840	3540
60	60级聚灵阵	71	3195	2556	5112	25560	3600
61	61级聚灵阵	73	3285	2628	5256	26280	3660
62	62级聚灵阵	75	3375	2700	5400	27000	3720
63	63级聚灵阵	77	3465	2772	5544	27720	3780
64	64级聚灵阵	79	3555	2844	5688	28440	3840
65	65级聚灵阵	81	3645	2916	5832	29160	3900
66	66级聚灵阵	83	3735	2988	5976	29880	3960
67	67级聚灵阵	85	3825	3060	6120	30600	4020
68	68级聚灵阵	87	3915	3132	6264	31320	4080
69	69级聚灵阵	89	4005	3204	6408	32040	4140
70	70级聚灵阵	91	4095	3276	6552	32760	4200
71	71级聚灵阵	93	4185	3348	6696	33480	4260
72	72级聚灵阵	95	4275	3420	6840	34200	4320
73	73级聚灵阵	97	4365	3492	6984	34920	4380
74	74级聚灵阵	99	4455	3564	7128	35640	4440
75	75级聚灵阵	101	4545	3636	7272	36360	4500
76	76级聚灵阵	103	4635	3708	7416	37080	4560
77	77级聚灵阵	105	4725	3780	7560	37800	4620
78	78级聚灵阵	107	4815	3852	7704	38520	4680
79	79级聚灵阵	109	4905	3924	7848	39240	4740
80	80级聚灵阵	111	4995	3996	7992	39960	4800
81	81级聚灵阵	113	5085	4068	8136	40680	4860
82	82级聚灵阵	115	5175	4140	8280	41400	4920
83	83级聚灵阵	117	5265	4212	8424	42120	4980
84	84级聚灵阵	119	5355	4284	8568	42840	5040
85	85级聚灵阵	121	5445	4356	8712	43560	5100
86	86级聚灵阵	123	5535	4428	8856	44280	5160
87	87级聚灵阵	125	5625	4500	9000	45000	5220
88	88级聚灵阵	127	5715	4572	9144	45720	5280
89	89级聚灵阵	129	5805	4644	9288	46440	5340
90	90级聚灵阵	131	5895	4716	9432	47160	5400
91	91级聚灵阵	133	5985	4788	9576	47880	5460
92	92级聚灵阵	135	6075	4860	9720	48600	5520
93	93级聚灵阵	137	6165	4932	9864	49320	5580
94	94级聚灵阵	139	6255	5004	10008	50040	5640
95	95级聚灵阵	141	6345	5076	10152	50760	5700
96	96级聚灵阵	143	6435	5148	10296	51480	5760
97	97级聚灵阵	145	6525	5220	10440	52200	5820
98	98级聚灵阵	147	6615	5292	10584	52920	5880
99	99级聚灵阵	149	6705	5364	10728	53640	5940
100	100级聚灵阵	154	13860	11088	22176	55440	6000
101	101级聚灵阵	159	14310	11448	22896	57240	6060
102	102级聚灵阵	164	14760	11808	23616	59040	6120
103	103级聚灵阵	169	15210	12168	24336	60840	6180
104	104级聚灵阵	174	15660	12528	25056	62640	6240
105	105级聚灵阵	179	16110	12888	25776	64440	6300
106	106级聚灵阵	184	16560	13248	26496	66240	6360
107	107级聚灵阵	189	17010	13608	27216	68040	6420
108	108级聚灵阵	194	17460	13968	27936	69840	6480
109	109级聚灵阵	199	17910	14328	28656	71640	6540
110	110级聚灵阵	204	18360	14688	29376	73440	6600
111	111级聚灵阵	209	18810	15048	30096	75240	6660
112	112级聚灵阵	214	19260	15408	30816	77040	6720
113	113级聚灵阵	219	19710	15768	31536	78840	6780
114	114级聚灵阵	224	20160	16128	32256	80640	6840
115	115级聚灵阵	229	20610	16488	32976	82440	6900
116	116级聚灵阵	234	21060	16848	33696	84240	6960
117	117级聚灵阵	239	21510	17208	34416	86040	7020
118	118级聚灵阵	244	21960	17568	35136	87840	7080
119	119级聚灵阵	249	22410	17928	35856	89640	7140
120	120级聚灵阵	254	22860	18288	36576	91440	7200
121	121级聚灵阵	259	23310	18648	37296	93240	7260
122	122级聚灵阵	264	23760	19008	38016	95040	7320
123	123级聚灵阵	269	24210	19368	38736	96840	7380
124	124级聚灵阵	274	24660	19728	39456	98640	7440
125	125级聚灵阵	279	25110	20088	40176	100440	7500
126	126级聚灵阵	284	25560	20448	40896	102240	7560
127	127级聚灵阵	289	26010	20808	41616	104040	7620
128	128级聚灵阵	294	26460	21168	42336	105840	7680
129	129级聚灵阵	299	26910	21528	43056	107640	7740
130	130级聚灵阵	304	27360	21888	43776	109440	7800
131	131级聚灵阵	309	27810	22248	44496	111240	7860
132	132级聚灵阵	314	28260	22608	45216	113040	7920
133	133级聚灵阵	319	28710	22968	45936	114840	7980
134	134级聚灵阵	324	29160	23328	46656	116640	8040
135	135级聚灵阵	329	29610	23688	47376	118440	8100
136	136级聚灵阵	334	30060	24048	48096	120240	8160
137	137级聚灵阵	339	30510	24408	48816	122040	8220
138	138级聚灵阵	344	30960	24768	49536	123840	8280
139	139级聚灵阵	349	31410	25128	50256	125640	8340
140	140级聚灵阵	354	31860	25488	50976	127440	8400
141	141级聚灵阵	359	32310	25848	51696	129240	8460
142	142级聚灵阵	364	32760	26208	52416	131040	8520
143	143级聚灵阵	369	33210	26568	53136	132840	8580
144	144级聚灵阵	374	33660	26928	53856	134640	8640
145	145级聚灵阵	379	34110	27288	54576	136440	8700
146	146级聚灵阵	384	34560	27648	55296	138240	8760
147	147级聚灵阵	389	35010	28008	56016	140040	8820
148	148级聚灵阵	394	35460	28368	56736	141840	8880
149	149级聚灵阵	399	35910	28728	57456	143640	8940
150	150级聚灵阵	404	72720	58176	116352	145440	9000
151	151级聚灵阵	414	74520	59616	119232	149040	9060
152	152级聚灵阵	424	76320	61056	122112	152640	9120
153	153级聚灵阵	434	78120	62496	124992	156240	9180
154	154级聚灵阵	444	79920	63936	127872	159840	9240
155	155级聚灵阵	454	81720	65376	130752	163440	9300
156	156级聚灵阵	464	83520	66816	133632	167040	9360
157	157级聚灵阵	474	85320	68256	136512	170640	9420
158	158级聚灵阵	484	87120	69696	139392	174240	9480
159	159级聚灵阵	494	88920	71136	142272	177840	9540
160	160级聚灵阵	504	90720	72576	145152	181440	9600
161	161级聚灵阵	514	92520	74016	148032	185040	9660
162	162级聚灵阵	524	94320	75456	150912	188640	9720
163	163级聚灵阵	534	96120	76896	153792	192240	9780
164	164级聚灵阵	544	97920	78336	156672	195840	9840
165	165级聚灵阵	554	99720	79776	159552	199440	9900
166	166级聚灵阵	564	101520	81216	162432	203040	9960
167	167级聚灵阵	574	103320	82656	165312	206640	10020
168	168级聚灵阵	584	105120	84096	168192	210240	10080
169	169级聚灵阵	594	106920	85536	171072	213840	10140
170	170级聚灵阵	604	108720	86976	173952	217440	10200
171	171级聚灵阵	614	110520	88416	176832	221040	10260
172	172级聚灵阵	624	112320	89856	179712	224640	10320
173	173级聚灵阵	634	114120	91296	182592	228240	10380
174	174级聚灵阵	644	115920	92736	185472	231840	10440
175	175级聚灵阵	654	117720	94176	188352	235440	10500
176	176级聚灵阵	664	119520	95616	191232	239040	10560
177	177级聚灵阵	674	121320	97056	194112	242640	10620
178	178级聚灵阵	684	123120	98496	196992	246240	10680
179	179级聚灵阵	694	124920	99936	199872	249840	10740
180	180级聚灵阵	704	126720	101376	202752	253440	10800
181	181级聚灵阵	714	128520	102816	205632	257040	10860
182	182级聚灵阵	724	130320	104256	208512	260640	10920
183	183级聚灵阵	734	132120	105696	211392	264240	10980
184	184级聚灵阵	744	133920	107136	214272	267840	11040
185	185级聚灵阵	754	135720	108576	217152	271440	11100
186	186级聚灵阵	764	137520	110016	220032	275040	11160
187	187级聚灵阵	774	139320	111456	222912	278640	11220
188	188级聚灵阵	784	141120	112896	225792	282240	11280
189	189级聚灵阵	794	142920	114336	228672	285840	11340
190	190级聚灵阵	804	144720	115776	231552	289440	11400
191	191级聚灵阵	814	146520	117216	234432	293040	11460
192	192级聚灵阵	824	148320	118656	237312	296640	11520
193	193级聚灵阵	834	150120	120096	240192	300240	11580
194	194级聚灵阵	844	151920	121536	243072	303840	11640
195	195级聚灵阵	854	153720	122976	245952	307440	11700
196	196级聚灵阵	864	155520	124416	248832	311040	11760
197	197级聚灵阵	874	157320	125856	251712	314640	11820
198	198级聚灵阵	884	159120	127296	254592	318240	11880
199	199级聚灵阵	894	160920	128736	257472	321840	11940
200	200级聚灵阵	904	162720	130176	260352	325440	12000
201	201级聚灵阵	934	184932	141221	285804	336240	12060
202	202级聚灵阵	964	190872	145757	294984	347040	12120
203	203级聚灵阵	994	196812	150293	304164	357840	12180
204	204级聚灵阵	1024	202752	154829	313344	368640	12240
205	205级聚灵阵	1054	208692	159365	322524	379440	12300
206	206级聚灵阵	1084	214632	163901	331704	390240	12360
207	207级聚灵阵	1114	220572	168437	340884	401040	12420
208	208级聚灵阵	1144	226512	172973	350064	411840	12480
209	209级聚灵阵	1174	232452	177509	359244	422640	12540
210	210级聚灵阵	1204	238392	182045	368424	433440	12600
211	211级聚灵阵	1234	244332	186581	377604	444240	12660
212	212级聚灵阵	1264	250272	191117	386784	455040	12720
213	213级聚灵阵	1294	256212	195653	395964	465840	12780
214	214级聚灵阵	1324	262152	200189	405144	476640	12840
215	215级聚灵阵	1354	268092	204725	414324	487440	12900
216	216级聚灵阵	1384	274032	209261	423504	498240	12960
217	217级聚灵阵	1414	279972	213797	432684	509040	13020
218	218级聚灵阵	1444	285912	218333	441864	519840	13080
219	219级聚灵阵	1474	291852	222869	451044	530640	13140
220	220级聚灵阵	1504	297792	227405	460224	541440	13200
221	221级聚灵阵	1534	303732	231941	469404	552240	13260
222	222级聚灵阵	1564	309672	236477	478584	563040	13320
223	223级聚灵阵	1594	315612	241013	487764	573840	13380
224	224级聚灵阵	1624	321552	245549	496944	584640	13440
225	225级聚灵阵	1654	327492	250085	506124	595440	13500
226	226级聚灵阵	1684	333432	254621	515304	606240	13560
227	227级聚灵阵	1714	339372	259157	524484	617040	13620
228	228级聚灵阵	1744	345312	263693	533664	627840	13680
229	229级聚灵阵	1774	351252	268229	542844	638640	13740
230	230级聚灵阵	1804	357192	272765	552024	649440	13800
231	231级聚灵阵	1834	363132	277301	561204	660240	13860
232	232级聚灵阵	1864	369072	281837	570384	671040	13920
233	233级聚灵阵	1894	375012	286373	579564	681840	13980
234	234级聚灵阵	1924	380952	290909	588744	692640	14040
235	235级聚灵阵	1954	386892	295445	597924	703440	14100
236	236级聚灵阵	1984	392832	299981	607104	714240	14160
237	237级聚灵阵	2014	398772	304517	616284	725040	14220
238	238级聚灵阵	2044	404712	309053	625464	735840	14280
239	239级聚灵阵	2074	410652	313589	634644	746640	14340
240	240级聚灵阵	2104	416592	318125	643824	757440	14400
241	241级聚灵阵	2134	422532	322661	653004	768240	14460
242	242级聚灵阵	2164	428472	327197	662184	779040	14520
243	243级聚灵阵	2194	434412	331733	671364	789840	14580
244	244级聚灵阵	2224	440352	336269	680544	800640	14640
245	245级聚灵阵	2254	446292	340805	689724	811440	14700
246	246级聚灵阵	2284	452232	345341	698904	822240	14760
247	247级聚灵阵	2314	458172	349877	708084	833040	14820
248	248级聚灵阵	2344	464112	354413	717264	843840	14880
249	249级聚灵阵	2374	470052	358949	726444	854640	14940
250	250级聚灵阵	2404	475992	363485	735624	865440	15000
251	251级聚灵阵	2454	512395	397548	795096	883440	15060
252	252级聚灵阵	2504	522835	405648	811296	901440	15120
253	253级聚灵阵	2554	533275	413748	827496	919440	15180
254	254级聚灵阵	2604	543715	421848	843696	937440	15240
255	255级聚灵阵	2654	554155	429948	859896	955440	15300
256	256级聚灵阵	2704	564595	438048	876096	973440	15360
257	257级聚灵阵	2754	575035	446148	892296	991440	15420
258	258级聚灵阵	2804	585475	454248	908496	1009440	15480
259	259级聚灵阵	2854	595915	462348	924696	1027440	15540
260	260级聚灵阵	2904	606355	470448	940896	1045440	15600
261	261级聚灵阵	2954	616795	478548	957096	1063440	15660
262	262级聚灵阵	3004	627235	486648	973296	1081440	15720
263	263级聚灵阵	3054	637675	494748	989496	1099440	15780
264	264级聚灵阵	3104	648115	502848	1005696	1117440	15840
265	265级聚灵阵	3154	658555	510948	1021896	1135440	15900
266	266级聚灵阵	3204	668995	519048	1038096	1153440	15960
267	267级聚灵阵	3254	679435	527148	1054296	1171440	16020
268	268级聚灵阵	3304	689875	535248	1070496	1189440	16080
269	269级聚灵阵	3354	700315	543348	1086696	1207440	16140
270	270级聚灵阵	3404	710755	551448	1102896	1225440	16200
271	271级聚灵阵	3454	721195	559548	1119096	1243440	16260
272	272级聚灵阵	3504	731635	567648	1135296	1261440	16320
273	273级聚灵阵	3554	742075	575748	1151496	1279440	16380
274	274级聚灵阵	3604	752515	583848	1167696	1297440	16440
275	275级聚灵阵	3654	762955	591948	1183896	1315440	16500
276	276级聚灵阵	3704	773395	600048	1200096	1333440	16560
277	277级聚灵阵	3754	783835	608148	1216296	1351440	16620
278	278级聚灵阵	3804	794275	616248	1232496	1369440	16680
279	279级聚灵阵	3854	804715	624348	1248696	1387440	16740
280	280级聚灵阵	3904	815155	632448	1264896	1405440	16800
281	281级聚灵阵	3954	825595	640548	1281096	1423440	16860
282	282级聚灵阵	4004	836035	648648	1297296	1441440	16920
283	283级聚灵阵	4054	846475	656748	1313496	1459440	16980
284	284级聚灵阵	4104	856915	664848	1329696	1477440	17040
285	285级聚灵阵	4154	867355	672948	1345896	1495440	17100
286	286级聚灵阵	4204	877795	681048	1362096	1513440	17160
287	287级聚灵阵	4254	888235	689148	1378296	1531440	17220
288	288级聚灵阵	4304	898675	697248	1394496	1549440	17280
289	289级聚灵阵	4354	909115	705348	1410696	1567440	17340
290	290级聚灵阵	4404	919555	713448	1426896	1585440	17400
291	291级聚灵阵	4454	929995	721548	1443096	1603440	17460
292	292级聚灵阵	4504	940435	729648	1459296	1621440	17520
293	293级聚灵阵	4554	950875	737748	1475496	1639440	17580
294	294级聚灵阵	4604	961315	745848	1491696	1657440	17640
295	295级聚灵阵	4654	971755	753948	1507896	1675440	17700
296	296级聚灵阵	4704	982195	762048	1524096	1693440	17760
297	297级聚灵阵	4754	992635	770148	1540296	1711440	17820
298	298级聚灵阵	4804	1003075	778248	1556496	1729440	17880
299	299级聚灵阵	4854	1013515	786348	1572696	1747440	17940
300	300级聚灵阵	4904	1023955	794448	1588896	1765440	18000
301	301级聚灵阵	4964	1072224	893520	1787040	1787040	18060
302	302级聚灵阵	5024	1085184	904320	1808640	1808640	18120
303	303级聚灵阵	5084	1098144	915120	1830240	1830240	18180
304	304级聚灵阵	5144	1111104	925920	1851840	1851840	18240
305	305级聚灵阵	5204	1124064	936720	1873440	1873440	18300
306	306级聚灵阵	5264	1137024	947520	1895040	1895040	18360
307	307级聚灵阵	5324	1149984	958320	1916640	1916640	18420
308	308级聚灵阵	5384	1162944	969120	1938240	1938240	18480
309	309级聚灵阵	5444	1175904	979920	1959840	1959840	18540
310	310级聚灵阵	5504	1188864	990720	1981440	1981440	18600
311	311级聚灵阵	5564	1201824	1001520	2003040	2003040	18660
312	312级聚灵阵	5624	1214784	1012320	2024640	2024640	18720
313	313级聚灵阵	5684	1227744	1023120	2046240	2046240	18780
314	314级聚灵阵	5744	1240704	1033920	2067840	2067840	18840
315	315级聚灵阵	5804	1253664	1044720	2089440	2089440	18900
316	316级聚灵阵	5864	1266624	1055520	2111040	2111040	18960
317	317级聚灵阵	5924	1279584	1066320	2132640	2132640	19020
318	318级聚灵阵	5984	1292544	1077120	2154240	2154240	19080
319	319级聚灵阵	6044	1305504	1087920	2175840	2175840	19140
320	320级聚灵阵	6104	1318464	1098720	2197440	2197440	19200
321	321级聚灵阵	6164	1331424	1109520	2219040	2219040	19260
322	322级聚灵阵	6224	1344384	1120320	2240640	2240640	19320
323	323级聚灵阵	6284	1357344	1131120	2262240	2262240	19380
324	324级聚灵阵	6344	1370304	1141920	2283840	2283840	19440
325	325级聚灵阵	6404	1383264	1152720	2305440	2305440	19500
326	326级聚灵阵	6464	1396224	1163520	2327040	2327040	19560
327	327级聚灵阵	6524	1409184	1174320	2348640	2348640	19620
328	328级聚灵阵	6584	1422144	1185120	2370240	2370240	19680
329	329级聚灵阵	6644	1435104	1195920	2391840	2391840	19740
330	330级聚灵阵	6704	1448064	1206720	2413440	2413440	19800
331	331级聚灵阵	6764	1461024	1217520	2435040	2435040	19860
332	332级聚灵阵	6824	1473984	1228320	2456640	2456640	19920
333	333级聚灵阵	6884	1486944	1239120	2478240	2478240	19980
334	334级聚灵阵	6944	1499904	1249920	2499840	2499840	20040
335	335级聚灵阵	7004	1512864	1260720	2521440	2521440	20100
336	336级聚灵阵	7064	1525824	1271520	2543040	2543040	20160
337	337级聚灵阵	7124	1538784	1282320	2564640	2564640	20220
338	338级聚灵阵	7184	1551744	1293120	2586240	2586240	20280
339	339级聚灵阵	7244	1564704	1303920	2607840	2607840	20340
340	340级聚灵阵	7304	1577664	1314720	2629440	2629440	20400
341	341级聚灵阵	7364	1590624	1325520	2651040	2651040	20460
342	342级聚灵阵	7424	1603584	1336320	2672640	2672640	20520
343	343级聚灵阵	7484	1616544	1347120	2694240	2694240	20580
344	344级聚灵阵	7544	1629504	1357920	2715840	2715840	20640
345	345级聚灵阵	7604	1642464	1368720	2737440	2737440	20700
346	346级聚灵阵	7664	1655424	1379520	2759040	2759040	20760
347	347级聚灵阵	7724	1668384	1390320	2780640	2780640	20820
348	348级聚灵阵	7784	1681344	1401120	2802240	2802240	20880
349	349级聚灵阵	7844	1694304	1411920	2823840	2823840	20940
350	350级聚灵阵	7904	1707264	1422720	2845440	2845440	21000
351	351级聚灵阵	7964	1863576	1576872	3010392	2867040	21060
352	352级聚灵阵	8024	1877616	1588752	3033072	2888640	21120
353	353级聚灵阵	8084	1891656	1600632	3055752	2910240	21180
354	354级聚灵阵	8144	1905696	1612512	3078432	2931840	21240
355	355级聚灵阵	8204	1919736	1624392	3101112	2953440	21300
356	356级聚灵阵	8264	1933776	1636272	3123792	2975040	21360
357	357级聚灵阵	8324	1947816	1648152	3146472	2996640	21420
358	358级聚灵阵	8384	1961856	1660032	3169152	3018240	21480
359	359级聚灵阵	8444	1975896	1671912	3191832	3039840	21540
360	360级聚灵阵	8504	1989936	1683792	3214512	3061440	21600
361	361级聚灵阵	8564	2003976	1695672	3237192	3083040	21660
362	362级聚灵阵	8624	2018016	1707552	3259872	3104640	21720
363	363级聚灵阵	8684	2032056	1719432	3282552	3126240	21780
364	364级聚灵阵	8744	2046096	1731312	3305232	3147840	21840
365	365级聚灵阵	8804	2060136	1743192	3327912	3169440	21900
366	366级聚灵阵	8864	2074176	1755072	3350592	3191040	21960
367	367级聚灵阵	8924	2088216	1766952	3373272	3212640	22020
368	368级聚灵阵	8984	2102256	1778832	3395952	3234240	22080
369	369级聚灵阵	9044	2116296	1790712	3418632	3255840	22140
370	370级聚灵阵	9104	2130336	1802592	3441312	3277440	22200
371	371级聚灵阵	9164	2144376	1814472	3463992	3299040	22260
372	372级聚灵阵	9224	2158416	1826352	3486672	3320640	22320
373	373级聚灵阵	9284	2172456	1838232	3509352	3342240	22380
374	374级聚灵阵	9344	2186496	1850112	3532032	3363840	22440
375	375级聚灵阵	9404	2200536	1861992	3554712	3385440	22500
376	376级聚灵阵	9464	2214576	1873872	3577392	3407040	22560
377	377级聚灵阵	9524	2228616	1885752	3600072	3428640	22620
378	378级聚灵阵	9584	2242656	1897632	3622752	3450240	22680
379	379级聚灵阵	9644	2256696	1909512	3645432	3471840	22740
380	380级聚灵阵	9704	2270736	1921392	3668112	3493440	22800
381	381级聚灵阵	9764	2284776	1933272	3690792	3515040	22860
382	382级聚灵阵	9824	2298816	1945152	3713472	3536640	22920
383	383级聚灵阵	9884	2312856	1957032	3736152	3558240	22980
384	384级聚灵阵	9944	2326896	1968912	3758832	3579840	23040
385	385级聚灵阵	10004	2340936	1980792	3781512	3601440	23100
386	386级聚灵阵	10064	2354976	1992672	3804192	3623040	23160
387	387级聚灵阵	10124	2369016	2004552	3826872	3644640	23220
388	388级聚灵阵	10184	2383056	2016432	3849552	3666240	23280
389	389级聚灵阵	10244	2397096	2028312	3872232	3687840	23340
390	390级聚灵阵	10304	2411136	2040192	3894912	3709440	23400
391	391级聚灵阵	10364	2425176	2052072	3917592	3731040	23460
392	392级聚灵阵	10424	2439216	2063952	3940272	3752640	23520
393	393级聚灵阵	10484	2453256	2075832	3962952	3774240	23580
394	394级聚灵阵	10544	2467296	2087712	3985632	3795840	23640
395	395级聚灵阵	10604	2481336	2099592	4008312	3817440	23700
396	396级聚灵阵	10664	2495376	2111472	4030992	3839040	23760
397	397级聚灵阵	10724	2509416	2123352	4053672	3860640	23820
398	398级聚灵阵	10784	2523456	2135232	4076352	3882240	23880
399	399级聚灵阵	10844	2537496	2147112	4099032	3903840	23940
400	400级聚灵阵	10904	2551536	2158992	4121712	3925440	24000
401	401级聚灵阵	10974	2765448	2370384	4345704	3950640	24060
402	402级聚灵阵	11044	2783088	2385504	4373424	3975840	24120
403	403级聚灵阵	11114	2800728	2400624	4401144	4001040	24180
404	404级聚灵阵	11184	2818368	2415744	4428864	4026240	24240
405	405级聚灵阵	11254	2836008	2430864	4456584	4051440	24300
406	406级聚灵阵	11324	2853648	2445984	4484304	4076640	24360
407	407级聚灵阵	11394	2871288	2461104	4512024	4101840	24420
408	408级聚灵阵	11464	2888928	2476224	4539744	4127040	24480
409	409级聚灵阵	11534	2906568	2491344	4567464	4152240	24540
410	410级聚灵阵	11604	2924208	2506464	4595184	4177440	24600
411	411级聚灵阵	11674	2941848	2521584	4622904	4202640	24660
412	412级聚灵阵	11744	2959488	2536704	4650624	4227840	24720
413	413级聚灵阵	11814	2977128	2551824	4678344	4253040	24780
414	414级聚灵阵	11884	2994768	2566944	4706064	4278240	24840
415	415级聚灵阵	11954	3012408	2582064	4733784	4303440	24900
416	416级聚灵阵	12024	3030048	2597184	4761504	4328640	24960
417	417级聚灵阵	12094	3047688	2612304	4789224	4353840	25020
418	418级聚灵阵	12164	3065328	2627424	4816944	4379040	25080
419	419级聚灵阵	12234	3082968	2642544	4844664	4404240	25140
420	420级聚灵阵	12304	3100608	2657664	4872384	4429440	25200
421	421级聚灵阵	12374	3118248	2672784	4900104	4454640	25260
422	422级聚灵阵	12444	3135888	2687904	4927824	4479840	25320
423	423级聚灵阵	12514	3153528	2703024	4955544	4505040	25380
424	424级聚灵阵	12584	3171168	2718144	4983264	4530240	25440
425	425级聚灵阵	12654	3188808	2733264	5010984	4555440	25500
426	426级聚灵阵	12724	3206448	2748384	5038704	4580640	25560
427	427级聚灵阵	12794	3224088	2763504	5066424	4605840	25620
428	428级聚灵阵	12864	3241728	2778624	5094144	4631040	25680
429	429级聚灵阵	12934	3259368	2793744	5121864	4656240	25740
430	430级聚灵阵	13004	3277008	2808864	5149584	4681440	25800
431	431级聚灵阵	13074	3294648	2823984	5177304	4706640	25860
432	432级聚灵阵	13144	3312288	2839104	5205024	4731840	25920
433	433级聚灵阵	13214	3329928	2854224	5232744	4757040	25980
434	434级聚灵阵	13284	3347568	2869344	5260464	4782240	26040
435	435级聚灵阵	13354	3365208	2884464	5288184	4807440	26100
436	436级聚灵阵	13424	3382848	2899584	5315904	4832640	26160
437	437级聚灵阵	13494	3400488	2914704	5343624	4857840	26220
438	438级聚灵阵	13564	3418128	2929824	5371344	4883040	26280
439	439级聚灵阵	13634	3435768	2944944	5399064	4908240	26340
440	440级聚灵阵	13704	3453408	2960064	5426784	4933440	26400
441	441级聚灵阵	13774	3471048	2975184	5454504	4958640	26460
442	442级聚灵阵	13844	3488688	2990304	5482224	4983840	26520
443	443级聚灵阵	13914	3506328	3005424	5509944	5009040	26580
444	444级聚灵阵	13984	3523968	3020544	5537664	5034240	26640
445	445级聚灵阵	14054	3541608	3035664	5565384	5059440	26700
446	446级聚灵阵	14124	3559248	3050784	5593104	5084640	26760
447	447级聚灵阵	14194	3576888	3065904	5620824	5109840	26820
448	448级聚灵阵	14264	3594528	3081024	5648544	5135040	26880
449	449级聚灵阵	14334	3612168	3096144	5676264	5160240	26940
450	450级聚灵阵	14404	3629808	3111264	5703984	5185440	27000
451	451级聚灵阵	14484	3910680	3389256	5996376	5214240	27060
452	452级聚灵阵	14564	3932280	3407976	6029496	5243040	27120
453	453级聚灵阵	14644	3953880	3426696	6062616	5271840	27180
454	454级聚灵阵	14724	3975480	3445416	6095736	5300640	27240
455	455级聚灵阵	14804	3997080	3464136	6128856	5329440	27300
456	456级聚灵阵	14884	4018680	3482856	6161976	5358240	27360
457	457级聚灵阵	14964	4040280	3501576	6195096	5387040	27420
458	458级聚灵阵	15044	4061880	3520296	6228216	5415840	27480
459	459级聚灵阵	15124	4083480	3539016	6261336	5444640	27540
460	460级聚灵阵	15204	4105080	3557736	6294456	5473440	27600
461	461级聚灵阵	15284	4126680	3576456	6327576	5502240	27660
462	462级聚灵阵	15364	4148280	3595176	6360696	5531040	27720
463	463级聚灵阵	15444	4169880	3613896	6393816	5559840	27780
464	464级聚灵阵	15524	4191480	3632616	6426936	5588640	27840
465	465级聚灵阵	15604	4213080	3651336	6460056	5617440	27900
466	466级聚灵阵	15684	4234680	3670056	6493176	5646240	27960
467	467级聚灵阵	15764	4256280	3688776	6526296	5675040	28020
468	468级聚灵阵	15844	4277880	3707496	6559416	5703840	28080
469	469级聚灵阵	15924	4299480	3726216	6592536	5732640	28140
470	470级聚灵阵	16004	4321080	3744936	6625656	5761440	28200
471	471级聚灵阵	16084	4342680	3763656	6658776	5790240	28260
472	472级聚灵阵	16164	4364280	3782376	6691896	5819040	28320
473	473级聚灵阵	16244	4385880	3801096	6725016	5847840	28380
474	474级聚灵阵	16324	4407480	3819816	6758136	5876640	28440
475	475级聚灵阵	16404	4429080	3838536	6791256	5905440	28500
476	476级聚灵阵	16484	4450680	3857256	6824376	5934240	28560
477	477级聚灵阵	16564	4472280	3875976	6857496	5963040	28620
478	478级聚灵阵	16644	4493880	3894696	6890616	5991840	28680
479	479级聚灵阵	16724	4515480	3913416	6923736	6020640	28740
480	480级聚灵阵	16804	4537080	3932136	6956856	6049440	28800
481	481级聚灵阵	16884	4558680	3950856	6989976	6078240	28860
482	482级聚灵阵	16964	4580280	3969576	7023096	6107040	28920
483	483级聚灵阵	17044	4601880	3988296	7056216	6135840	28980
484	484级聚灵阵	17124	4623480	4007016	7089336	6164640	29040
485	485级聚灵阵	17204	4645080	4025736	7122456	6193440	29100
486	486级聚灵阵	17284	4666680	4044456	7155576	6222240	29160
487	487级聚灵阵	17364	4688280	4063176	7188696	6251040	29220
488	488级聚灵阵	17444	4709880	4081896	7221816	6279840	29280
489	489级聚灵阵	17524	4731480	4100616	7254936	6308640	29340
490	490级聚灵阵	17604	4753080	4119336	7288056	6337440	29400
491	491级聚灵阵	17684	4774680	4138056	7321176	6366240	29460
492	492级聚灵阵	17764	4796280	4156776	7354296	6395040	29520
493	493级聚灵阵	17844	4817880	4175496	7387416	6423840	29580
494	494级聚灵阵	17924	4839480	4194216	7420536	6452640	29640
495	495级聚灵阵	18004	4861080	4212936	7453656	6481440	29700
496	496级聚灵阵	18084	4882680	4231656	7486776	6510240	29760
497	497级聚灵阵	18164	4904280	4250376	7519896	6539040	29820
498	498级聚灵阵	18244	4925880	4269096	7553016	6567840	29880
499	499级聚灵阵	18324	4947480	4287816	7586136	6596640	29940
500	500级聚灵阵	18404	4969080	4306536	7619256	6625440	30000
501	501级聚灵阵	18494	5326272	4660488	7989408	6657840	30060
502	502级聚灵阵	18584	5352192	4683168	8028288	6690240	30120
503	503级聚灵阵	18674	5378112	4705848	8067168	6722640	30180
504	504级聚灵阵	18764	5404032	4728528	8106048	6755040	30240
505	505级聚灵阵	18854	5429952	4751208	8144928	6787440	30300
506	506级聚灵阵	18944	5455872	4773888	8183808	6819840	30360
507	507级聚灵阵	19034	5481792	4796568	8222688	6852240	30420
508	508级聚灵阵	19124	5507712	4819248	8261568	6884640	30480
509	509级聚灵阵	19214	5533632	4841928	8300448	6917040	30540
510	510级聚灵阵	19304	5559552	4864608	8339328	6949440	30600
511	511级聚灵阵	19394	5585472	4887288	8378208	6981840	30660
512	512级聚灵阵	19484	5611392	4909968	8417088	7014240	30720
513	513级聚灵阵	19574	5637312	4932648	8455968	7046640	30780
514	514级聚灵阵	19664	5663232	4955328	8494848	7079040	30840
515	515级聚灵阵	19754	5689152	4978008	8533728	7111440	30900
516	516级聚灵阵	19844	5715072	5000688	8572608	7143840	30960
517	517级聚灵阵	19934	5740992	5023368	8611488	7176240	31020
518	518级聚灵阵	20024	5766912	5046048	8650368	7208640	31080
519	519级聚灵阵	20114	5792832	5068728	8689248	7241040	31140
520	520级聚灵阵	20204	5818752	5091408	8728128	7273440	31200
521	521级聚灵阵	20294	5844672	5114088	8767008	7305840	31260
522	522级聚灵阵	20384	5870592	5136768	8805888	7338240	31320
523	523级聚灵阵	20474	5896512	5159448	8844768	7370640	31380
524	524级聚灵阵	20564	5922432	5182128	8883648	7403040	31440
525	525级聚灵阵	20654	5948352	5204808	8922528	7435440	31500
526	526级聚灵阵	20744	5974272	5227488	8961408	7467840	31560
527	527级聚灵阵	20834	6000192	5250168	9000288	7500240	31620
528	528级聚灵阵	20924	6026112	5272848	9039168	7532640	31680
529	529级聚灵阵	21014	6052032	5295528	9078048	7565040	31740
530	530级聚灵阵	21104	6077952	5318208	9116928	7597440	31800
531	531级聚灵阵	21194	6103872	5340888	9155808	7629840	31860
532	532级聚灵阵	21284	6129792	5363568	9194688	7662240	31920
533	533级聚灵阵	21374	6155712	5386248	9233568	7694640	31980
534	534级聚灵阵	21464	6181632	5408928	9272448	7727040	32040
535	535级聚灵阵	21554	6207552	5431608	9311328	7759440	32100
536	536级聚灵阵	21644	6233472	5454288	9350208	7791840	32160
537	537级聚灵阵	21734	6259392	5476968	9389088	7824240	32220
538	538级聚灵阵	21824	6285312	5499648	9427968	7856640	32280
539	539级聚灵阵	21914	6311232	5522328	9466848	7889040	32340
540	540级聚灵阵	22004	6337152	5545008	9505728	7921440	32400
541	541级聚灵阵	22094	6363072	5567688	9544608	7953840	32460
542	542级聚灵阵	22184	6388992	5590368	9583488	7986240	32520
543	543级聚灵阵	22274	6414912	5613048	9622368	8018640	32580
544	544级聚灵阵	22364	6440832	5635728	9661248	8051040	32640
545	545级聚灵阵	22454	6466752	5658408	9700128	8083440	32700
546	546级聚灵阵	22544	6492672	5681088	9739008	8115840	32760
547	547级聚灵阵	22634	6518592	5703768	9777888	8148240	32820
548	548级聚灵阵	22724	6544512	5726448	9816768	8180640	32880
549	549级聚灵阵	22814	6570432	5749128	9855648	8213040	32940
550	550级聚灵阵	22904	6596352	5771808	9894528	8245440	33000
551	551级聚灵阵	23004	7039224	6211080	10351800	8281440	33060
552	552级聚灵阵	23104	7069824	6238080	10396800	8317440	33120
553	553级聚灵阵	23204	7100424	6265080	10441800	8353440	33180
554	554级聚灵阵	23304	7131024	6292080	10486800	8389440	33240
555	555级聚灵阵	23404	7161624	6319080	10531800	8425440	33300
556	556级聚灵阵	23504	7192224	6346080	10576800	8461440	33360
557	557级聚灵阵	23604	7222824	6373080	10621800	8497440	33420
558	558级聚灵阵	23704	7253424	6400080	10666800	8533440	33480
559	559级聚灵阵	23804	7284024	6427080	10711800	8569440	33540
560	560级聚灵阵	23904	7314624	6454080	10756800	8605440	33600
561	561级聚灵阵	24004	7345224	6481080	10801800	8641440	33660
562	562级聚灵阵	24104	7375824	6508080	10846800	8677440	33720
563	563级聚灵阵	24204	7406424	6535080	10891800	8713440	33780
564	564级聚灵阵	24304	7437024	6562080	10936800	8749440	33840
565	565级聚灵阵	24404	7467624	6589080	10981800	8785440	33900
566	566级聚灵阵	24504	7498224	6616080	11026800	8821440	33960
567	567级聚灵阵	24604	7528824	6643080	11071800	8857440	34020
568	568级聚灵阵	24704	7559424	6670080	11116800	8893440	34080
569	569级聚灵阵	24804	7590024	6697080	11161800	8929440	34140
570	570级聚灵阵	24904	7620624	6724080	11206800	8965440	34200
571	571级聚灵阵	25004	7651224	6751080	11251800	9001440	34260
572	572级聚灵阵	25104	7681824	6778080	11296800	9037440	34320
573	573级聚灵阵	25204	7712424	6805080	11341800	9073440	34380
574	574级聚灵阵	25304	7743024	6832080	11386800	9109440	34440
575	575级聚灵阵	25404	7773624	6859080	11431800	9145440	34500
576	576级聚灵阵	25504	7804224	6886080	11476800	9181440	34560
577	577级聚灵阵	25604	7834824	6913080	11521800	9217440	34620
578	578级聚灵阵	25704	7865424	6940080	11566800	9253440	34680
579	579级聚灵阵	25804	7896024	6967080	11611800	9289440	34740
580	580级聚灵阵	25904	7926624	6994080	11656800	9325440	34800
581	581级聚灵阵	26004	7957224	7021080	11701800	9361440	34860
582	582级聚灵阵	26104	7987824	7048080	11746800	9397440	34920
583	583级聚灵阵	26204	8018424	7075080	11791800	9433440	34980
584	584级聚灵阵	26304	8049024	7102080	11836800	9469440	35040
585	585级聚灵阵	26404	8079624	7129080	11881800	9505440	35100
586	586级聚灵阵	26504	8110224	7156080	11926800	9541440	35160
587	587级聚灵阵	26604	8140824	7183080	11971800	9577440	35220
588	588级聚灵阵	26704	8171424	7210080	12016800	9613440	35280
589	589级聚灵阵	26804	8202024	7237080	12061800	9649440	35340
590	590级聚灵阵	26904	8232624	7264080	12106800	9685440	35400
591	591级聚灵阵	27004	8263224	7291080	12151800	9721440	35460
592	592级聚灵阵	27104	8293824	7318080	12196800	9757440	35520
593	593级聚灵阵	27204	8324424	7345080	12241800	9793440	35580
594	594级聚灵阵	27304	8355024	7372080	12286800	9829440	35640
595	595级聚灵阵	27404	8385624	7399080	12331800	9865440	35700
596	596级聚灵阵	27504	8416224	7426080	12376800	9901440	35760
597	597级聚灵阵	27604	8446824	7453080	12421800	9937440	35820
598	598级聚灵阵	27704	8477424	7480080	12466800	9973440	35880
599	599级聚灵阵	27804	8508024	7507080	12511800	10009440	35940
600	600级聚灵阵	27904	8538624	7534080	12556800	10045440	36000
601	601级聚灵阵	28024	9079776	8070912	13115232	10088640	36060
602	602级聚灵阵	28144	9118656	8105472	13171392	10131840	36120
603	603级聚灵阵	28264	9157536	8140032	13227552	10175040	36180
604	604级聚灵阵	28384	9196416	8174592	13283712	10218240	36240
605	605级聚灵阵	28504	9235296	8209152	13339872	10261440	36300
606	606级聚灵阵	28624	9274176	8243712	13396032	10304640	36360
607	607级聚灵阵	28744	9313056	8278272	13452192	10347840	36420
608	608级聚灵阵	28864	9351936	8312832	13508352	10391040	36480
609	609级聚灵阵	28984	9390816	8347392	13564512	10434240	36540
610	610级聚灵阵	29104	9429696	8381952	13620672	10477440	36600
611	611级聚灵阵	29224	9468576	8416512	13676832	10520640	36660
612	612级聚灵阵	29344	9507456	8451072	13732992	10563840	36720
613	613级聚灵阵	29464	9546336	8485632	13789152	10607040	36780
614	614级聚灵阵	29584	9585216	8520192	13845312	10650240	36840
615	615级聚灵阵	29704	9624096	8554752	13901472	10693440	36900
616	616级聚灵阵	29824	9662976	8589312	13957632	10736640	36960
617	617级聚灵阵	29944	9701856	8623872	14013792	10779840	37020
618	618级聚灵阵	30064	9740736	8658432	14069952	10823040	37080
619	619级聚灵阵	30184	9779616	8692992	14126112	10866240	37140
620	620级聚灵阵	30304	9818496	8727552	14182272	10909440	37200
621	621级聚灵阵	30424	9857376	8762112	14238432	10952640	37260
622	622级聚灵阵	30544	9896256	8796672	14294592	10995840	37320
623	623级聚灵阵	30664	9935136	8831232	14350752	11039040	37380
624	624级聚灵阵	30784	9974016	8865792	14406912	11082240	37440
625	625级聚灵阵	30904	10012896	8900352	14463072	11125440	37500
626	626级聚灵阵	31024	10051776	8934912	14519232	11168640	37560
627	627级聚灵阵	31144	10090656	8969472	14575392	11211840	37620
628	628级聚灵阵	31264	10129536	9004032	14631552	11255040	37680
629	629级聚灵阵	31384	10168416	9038592	14687712	11298240	37740
630	630级聚灵阵	31504	10207296	9073152	14743872	11341440	37800
631	631级聚灵阵	31624	10246176	9107712	14800032	11384640	37860
632	632级聚灵阵	31744	10285056	9142272	14856192	11427840	37920
633	633级聚灵阵	31864	10323936	9176832	14912352	11471040	37980
634	634级聚灵阵	31984	10362816	9211392	14968512	11514240	38040
635	635级聚灵阵	32104	10401696	9245952	15024672	11557440	38100
636	636级聚灵阵	32224	10440576	9280512	15080832	11600640	38160
637	637级聚灵阵	32344	10479456	9315072	15136992	11643840	38220
638	638级聚灵阵	32464	10518336	9349632	15193152	11687040	38280
639	639级聚灵阵	32584	10557216	9384192	15249312	11730240	38340
640	640级聚灵阵	32704	10596096	9418752	15305472	11773440	38400
641	641级聚灵阵	32824	10634976	9453312	15361632	11816640	38460
642	642级聚灵阵	32944	10673856	9487872	15417792	11859840	38520
643	643级聚灵阵	33064	10712736	9522432	15473952	11903040	38580
644	644级聚灵阵	33184	10751616	9556992	15530112	11946240	38640
645	645级聚灵阵	33304	10790496	9591552	15586272	11989440	38700
646	646级聚灵阵	33424	10829376	9626112	15642432	12032640	38760
647	647级聚灵阵	33544	10868256	9660672	15698592	12075840	38820
648	648级聚灵阵	33664	10907136	9695232	15754752	12119040	38880
649	649级聚灵阵	33784	10946016	9729792	15810912	12162240	38940
650	650级聚灵阵	33904	10984896	9764352	15867072	12205440	39000
651	651级聚灵阵	34024	11023776	9798912	15923232	12248640	39060
652	652级聚灵阵	34144	11062656	9833472	15979392	12291840	39120
653	653级聚灵阵	34244	10478664	9245880	15409800	12327840	39180
654	654级聚灵阵	34344	10509264	9272880	15454800	12363840	39240
655	655级聚灵阵	34444	10539864	9299880	15499800	12399840	39300
656	656级聚灵阵	34544	10570464	9326880	15544800	12435840	39360
657	657级聚灵阵	34644	10601064	9353880	15589800	12471840	39420
658	658级聚灵阵	34744	10631664	9380880	15634800	12507840	39480
659	659级聚灵阵	34844	10662264	9407880	15679800	12543840	39540
660	660级聚灵阵	34944	10692864	9434880	15724800	12579840	39600
661	661级聚灵阵	35044	10723464	9461880	15769800	12615840	39660
662	662级聚灵阵	35144	10754064	9488880	15814800	12651840	39720
663	663级聚灵阵	35244	10784664	9515880	15859800	12687840	39780
664	664级聚灵阵	35344	10815264	9542880	15904800	12723840	39840
665	665级聚灵阵	35444	10845864	9569880	15949800	12759840	39900
666	666级聚灵阵	35544	10876464	9596880	15994800	12795840	39960
667	667级聚灵阵	35644	10907064	9623880	16039800	12831840	40020
668	668级聚灵阵	35744	10937664	9650880	16084800	12867840	40080
669	669级聚灵阵	35844	10968264	9677880	16129800	12903840	40140
670	670级聚灵阵	35944	10998864	9704880	16174800	12939840	40200
671	671级聚灵阵	36044	11029464	9731880	16219800	12975840	40260
672	672级聚灵阵	36144	11060064	9758880	16264800	13011840	40320
673	673级聚灵阵	36244	11090664	9785880	16309800	13047840	40380
674	674级聚灵阵	36344	11121264	9812880	16354800	13083840	40440
675	675级聚灵阵	36444	11151864	9839880	16399800	13119840	40500
676	676级聚灵阵	36544	11182464	9866880	16444800	13155840	40560
677	677级聚灵阵	36644	11213064	9893880	16489800	13191840	40620
678	678级聚灵阵	36744	11243664	9920880	16534800	13227840	40680
679	679级聚灵阵	36844	11274264	9947880	16579800	13263840	40740
680	680级聚灵阵	36944	11304864	9974880	16624800	13299840	40800
681	681级聚灵阵	37044	11335464	10001880	16669800	13335840	40860
682	682级聚灵阵	37144	11366064	10028880	16714800	13371840	40920
683	683级聚灵阵	37244	11396664	10055880	16759800	13407840	40980
684	684级聚灵阵	37344	11427264	10082880	16804800	13443840	41040
685	685级聚灵阵	37444	11457864	10109880	16849800	13479840	41100
686	686级聚灵阵	37544	11488464	10136880	16894800	13515840	41160
687	687级聚灵阵	37644	11519064	10163880	16939800	13551840	41220
688	688级聚灵阵	37744	11549664	10190880	16984800	13587840	41280
689	689级聚灵阵	37844	11580264	10217880	17029800	13623840	41340
690	690级聚灵阵	37944	11610864	10244880	17074800	13659840	41400
691	691级聚灵阵	38044	11641464	10271880	17119800	13695840	41460
692	692级聚灵阵	38144	11672064	10298880	17164800	13731840	41520
693	693级聚灵阵	38244	11702664	10325880	17209800	13767840	41580
694	694级聚灵阵	38344	11733264	10352880	17254800	13803840	41640
695	695级聚灵阵	38444	11763864	10379880	17299800	13839840	41700
696	696级聚灵阵	38544	11794464	10406880	17344800	13875840	41760
697	697级聚灵阵	38644	11825064	10433880	17389800	13911840	41820
698	698级聚灵阵	38744	11855664	10460880	17434800	13947840	41880
699	699级聚灵阵	38844	11886264	10487880	17479800	13983840	41940
700	700级聚灵阵	38944	11916864	10514880	17524800	14019840	42000
701	701级聚灵阵	39064	12656736	11250432	18281952	14063040	42060
702	702级聚灵阵	39184	12695616	11284992	18338112	14106240	42120
703	703级聚灵阵	39304	12734496	11319552	18394272	14149440	42180
704	704级聚灵阵	39424	12773376	11354112	18450432	14192640	42240
705	705级聚灵阵	39544	12812256	11388672	18506592	14235840	42300
706	706级聚灵阵	39664	12851136	11423232	18562752	14279040	42360
707	707级聚灵阵	39784	12890016	11457792	18618912	14322240	42420
708	708级聚灵阵	39904	12928896	11492352	18675072	14365440	42480
709	709级聚灵阵	40024	12967776	11526912	18731232	14408640	42540
710	710级聚灵阵	40144	13006656	11561472	18787392	14451840	42600
711	711级聚灵阵	40264	13045536	11596032	18843552	14495040	42660
712	712级聚灵阵	40384	13084416	11630592	18899712	14538240	42720
713	713级聚灵阵	40504	13123296	11665152	18955872	14581440	42780
714	714级聚灵阵	40624	13162176	11699712	19012032	14624640	42840
715	715级聚灵阵	40744	13201056	11734272	19068192	14667840	42900
716	716级聚灵阵	40864	13239936	11768832	19124352	14711040	42960
717	717级聚灵阵	40984	13278816	11803392	19180512	14754240	43020
718	718级聚灵阵	41104	13317696	11837952	19236672	14797440	43080
719	719级聚灵阵	41224	13356576	11872512	19292832	14840640	43140
720	720级聚灵阵	41344	13395456	11907072	19348992	14883840	43200
721	721级聚灵阵	41464	13434336	11941632	19405152	14927040	43260
722	722级聚灵阵	41584	13473216	11976192	19461312	14970240	43320
723	723级聚灵阵	41704	13512096	12010752	19517472	15013440	43380
724	724级聚灵阵	41824	13550976	12045312	19573632	15056640	43440
725	725级聚灵阵	41944	13589856	12079872	19629792	15099840	43500
726	726级聚灵阵	42064	13628736	12114432	19685952	15143040	43560
727	727级聚灵阵	42184	13667616	12148992	19742112	15186240	43620
728	728级聚灵阵	42304	13706496	12183552	19798272	15229440	43680
729	729级聚灵阵	42424	13745376	12218112	19854432	15272640	43740
730	730级聚灵阵	42544	13784256	12252672	19910592	15315840	43800
731	731级聚灵阵	42664	13823136	12287232	19966752	15359040	43860
732	732级聚灵阵	42784	13862016	12321792	20022912	15402240	43920
733	733级聚灵阵	42904	13900896	12356352	20079072	15445440	43980
734	734级聚灵阵	43024	13939776	12390912	20135232	15488640	44040
735	735级聚灵阵	43144	13978656	12425472	20191392	15531840	44100
736	736级聚灵阵	43264	14017536	12460032	20247552	15575040	44160
737	737级聚灵阵	43384	14056416	12494592	20303712	15618240	44220
738	738级聚灵阵	43504	14095296	12529152	20359872	15661440	44280
739	739级聚灵阵	43624	14134176	12563712	20416032	15704640	44340
740	740级聚灵阵	43744	14173056	12598272	20472192	15747840	44400
741	741级聚灵阵	43864	14211936	12632832	20528352	15791040	44460
742	742级聚灵阵	43984	14250816	12667392	20584512	15834240	44520
743	743级聚灵阵	44104	14289696	12701952	20640672	15877440	44580
744	744级聚灵阵	44224	14328576	12736512	20696832	15920640	44640
745	745级聚灵阵	44344	14367456	12771072	20752992	15963840	44700
746	746级聚灵阵	44464	14406336	12805632	20809152	16007040	44760
747	747级聚灵阵	44584	14445216	12840192	20865312	16050240	44820
748	748级聚灵阵	44704	14484096	12874752	20921472	16093440	44880
749	749级聚灵阵	44824	14522976	12909312	20977632	16136640	44940
750	750级聚灵阵	44944	14561856	12943872	21033792	16179840	45000
751	751级聚灵阵	45084	15418728	13795704	21910824	16230240	45060
752	752级聚灵阵	45224	15466608	13838544	21978864	16280640	45120
753	753级聚灵阵	45364	15514488	13881384	22046904	16331040	45180
754	754级聚灵阵	45504	15562368	13924224	22114944	16381440	45240
755	755级聚灵阵	45644	15610248	13967064	22182984	16431840	45300
756	756级聚灵阵	45784	15658128	14009904	22251024	16482240	45360
757	757级聚灵阵	45924	15706008	14052744	22319064	16532640	45420
758	758级聚灵阵	46064	15753888	14095584	22387104	16583040	45480
759	759级聚灵阵	46204	15801768	14138424	22455144	16633440	45540
760	760级聚灵阵	46344	15849648	14181264	22523184	16683840	45600
761	761级聚灵阵	46484	15897528	14224104	22591224	16734240	45660
762	762级聚灵阵	46624	15945408	14266944	22659264	16784640	45720
763	763级聚灵阵	46764	15993288	14309784	22727304	16835040	45780
764	764级聚灵阵	46904	16041168	14352624	22795344	16885440	45840
765	765级聚灵阵	47044	16089048	14395464	22863384	16935840	45900
766	766级聚灵阵	47184	16136928	14438304	22931424	16986240	45960
767	767级聚灵阵	47324	16184808	14481144	22999464	17036640	46020
768	768级聚灵阵	47464	16232688	14523984	23067504	17087040	46080
769	769级聚灵阵	47604	16280568	14566824	23135544	17137440	46140
770	770级聚灵阵	47744	16328448	14609664	23203584	17187840	46200
771	771级聚灵阵	47884	16376328	14652504	23271624	17238240	46260
772	772级聚灵阵	48024	16424208	14695344	23339664	17288640	46320
773	773级聚灵阵	48164	16472088	14738184	23407704	17339040	46380
774	774级聚灵阵	48304	16519968	14781024	23475744	17389440	46440
775	775级聚灵阵	48444	16567848	14823864	23543784	17439840	46500
776	776级聚灵阵	48584	16615728	14866704	23611824	17490240	46560
777	777级聚灵阵	48724	16663608	14909544	23679864	17540640	46620
778	778级聚灵阵	48864	16711488	14952384	23747904	17591040	46680
779	779级聚灵阵	49004	16759368	14995224	23815944	17641440	46740
780	780级聚灵阵	49144	16807248	15038064	23883984	17691840	46800
781	781级聚灵阵	49284	16855128	15080904	23952024	17742240	46860
782	782级聚灵阵	49424	16903008	15123744	24020064	17792640	46920
783	783级聚灵阵	49564	16950888	15166584	24088104	17843040	46980
784	784级聚灵阵	49704	16998768	15209424	24156144	17893440	47040
785	785级聚灵阵	49844	17046648	15252264	24224184	17943840	47100
786	786级聚灵阵	49984	17094528	15295104	24292224	17994240	47160
787	787级聚灵阵	50124	17142408	15337944	24360264	18044640	47220
788	788级聚灵阵	50264	17190288	15380784	24428304	18095040	47280
789	789级聚灵阵	50404	17238168	15423624	24496344	18145440	47340
790	790级聚灵阵	50544	17286048	15466464	24564384	18195840	47400
791	791级聚灵阵	50684	17333928	15509304	24632424	18246240	47460
792	792级聚灵阵	50824	17381808	15552144	24700464	18296640	47520
793	793级聚灵阵	50964	17429688	15594984	24768504	18347040	47580
794	794级聚灵阵	51104	17477568	15637824	24836544	18397440	47640
795	795级聚灵阵	51244	17525448	15680664	24904584	18447840	47700
796	796级聚灵阵	51384	17573328	15723504	24972624	18498240	47760
797	797级聚灵阵	51524	17621208	15766344	25040664	18548640	47820
798	798级聚灵阵	51664	17669088	15809184	25108704	18599040	47880
799	799级聚灵阵	51804	17716968	15852024	25176744	18649440	47940
800	800级聚灵阵	51944	17764848	15894864	25244784	18699840	48000
801	801级聚灵阵	52104	18757440	16881696	26260416	18757440	48060
802	802级聚灵阵	52264	18815040	16933536	26341056	18815040	48120
803	803级聚灵阵	52424	18872640	16985376	26421696	18872640	48180
804	804级聚灵阵	52584	18930240	17037216	26502336	18930240	48240
805	805级聚灵阵	52744	18987840	17089056	26582976	18987840	48300
806	806级聚灵阵	52904	19045440	17140896	26663616	19045440	48360
807	807级聚灵阵	53064	19103040	17192736	26744256	19103040	48420
808	808级聚灵阵	53224	19160640	17244576	26824896	19160640	48480
809	809级聚灵阵	53384	19218240	17296416	26905536	19218240	48540
810	810级聚灵阵	53544	19275840	17348256	26986176	19275840	48600
811	811级聚灵阵	53704	19333440	17400096	27066816	19333440	48660
812	812级聚灵阵	53864	19391040	17451936	27147456	19391040	48720
813	813级聚灵阵	54024	19448640	17503776	27228096	19448640	48780
814	814级聚灵阵	54184	19506240	17555616	27308736	19506240	48840
815	815级聚灵阵	54344	19563840	17607456	27389376	19563840	48900
816	816级聚灵阵	54504	19621440	17659296	27470016	19621440	48960
817	817级聚灵阵	54664	19679040	17711136	27550656	19679040	49020
818	818级聚灵阵	54824	19736640	17762976	27631296	19736640	49080
819	819级聚灵阵	54984	19794240	17814816	27711936	19794240	49140
820	820级聚灵阵	55144	19851840	17866656	27792576	19851840	49200
821	821级聚灵阵	55304	19909440	17918496	27873216	19909440	49260
822	822级聚灵阵	55464	19967040	17970336	27953856	19967040	49320
823	823级聚灵阵	55624	20024640	18022176	28034496	20024640	49380
824	824级聚灵阵	55784	20082240	18074016	28115136	20082240	49440
825	825级聚灵阵	55944	20139840	18125856	28195776	20139840	49500
826	826级聚灵阵	56104	20197440	18177696	28276416	20197440	49560
827	827级聚灵阵	56264	20255040	18229536	28357056	20255040	49620
828	828级聚灵阵	56424	20312640	18281376	28437696	20312640	49680
829	829级聚灵阵	56584	20370240	18333216	28518336	20370240	49740
830	830级聚灵阵	56744	20427840	18385056	28598976	20427840	49800
831	831级聚灵阵	56904	20485440	18436896	28679616	20485440	49860
832	832级聚灵阵	57064	20543040	18488736	28760256	20543040	49920
833	833级聚灵阵	57224	20600640	18540576	28840896	20600640	49980
834	834级聚灵阵	57384	20658240	18592416	28921536	20658240	50040
835	835级聚灵阵	57544	20715840	18644256	29002176	20715840	50100
836	836级聚灵阵	57704	20773440	18696096	29082816	20773440	50160
837	837级聚灵阵	57864	20831040	18747936	29163456	20831040	50220
838	838级聚灵阵	58024	20888640	18799776	29244096	20888640	50280
839	839级聚灵阵	58184	20946240	18851616	29324736	20946240	50340
840	840级聚灵阵	58344	21003840	18903456	29405376	21003840	50400
841	841级聚灵阵	58504	21061440	18955296	29486016	21061440	50460
842	842级聚灵阵	58664	21119040	19007136	29566656	21119040	50520
843	843级聚灵阵	58824	21176640	19058976	29647296	21176640	50580
844	844级聚灵阵	58984	21234240	19110816	29727936	21234240	50640
845	845级聚灵阵	59144	21291840	19162656	29808576	21291840	50700
846	846级聚灵阵	59304	21349440	19214496	29889216	21349440	50760
847	847级聚灵阵	59464	21407040	19266336	29969856	21407040	50820
848	848级聚灵阵	59624	21464640	19318176	30050496	21464640	50880
849	849级聚灵阵	59784	21522240	19370016	30131136	21522240	50940
850	850级聚灵阵	59944	21579840	19421856	30211776	21579840	51000
851	851级聚灵阵	60124	23809104	21644640	32466960	21644640	51060
852	852级聚灵阵	60304	23880384	21709440	32564160	21709440	51120
853	853级聚灵阵	60484	23951664	21774240	32661360	21774240	51180
854	854级聚灵阵	60664	24022944	21839040	32758560	21839040	51240
855	855级聚灵阵	60844	24094224	21903840	32855760	21903840	51300
856	856级聚灵阵	61024	24165504	21968640	32952960	21968640	51360
857	857级聚灵阵	61204	24236784	22033440	33050160	22033440	51420
858	858级聚灵阵	61384	24308064	22098240	33147360	22098240	51480
859	859级聚灵阵	61564	24379344	22163040	33244560	22163040	51540
860	860级聚灵阵	61744	24450624	22227840	33341760	22227840	51600
861	861级聚灵阵	61924	24521904	22292640	33438960	22292640	51660
862	862级聚灵阵	62104	24593184	22357440	33536160	22357440	51720
863	863级聚灵阵	62284	24664464	22422240	33633360	22422240	51780
864	864级聚灵阵	62464	24735744	22487040	33730560	22487040	51840
865	865级聚灵阵	62644	24807024	22551840	33827760	22551840	51900
866	866级聚灵阵	62824	24878304	22616640	33924960	22616640	51960
867	867级聚灵阵	63004	24949584	22681440	34022160	22681440	52020
868	868级聚灵阵	63184	25020864	22746240	34119360	22746240	52080
869	869级聚灵阵	63364	25092144	22811040	34216560	22811040	52140
870	870级聚灵阵	63544	25163424	22875840	34313760	22875840	52200
871	871级聚灵阵	63724	25234704	22940640	34410960	22940640	52260
872	872级聚灵阵	63904	25305984	23005440	34508160	23005440	52320
873	873级聚灵阵	64084	25377264	23070240	34605360	23070240	52380
874	874级聚灵阵	64264	25448544	23135040	34702560	23135040	52440
875	875级聚灵阵	64444	25519824	23199840	34799760	23199840	52500
876	876级聚灵阵	64624	25591104	23264640	34896960	23264640	52560
877	877级聚灵阵	64804	25662384	23329440	34994160	23329440	52620
878	878级聚灵阵	64984	25733664	23394240	35091360	23394240	52680
879	879级聚灵阵	65164	25804944	23459040	35188560	23459040	52740
880	880级聚灵阵	65344	25876224	23523840	35285760	23523840	52800
881	881级聚灵阵	65524	25947504	23588640	35382960	23588640	52860
882	882级聚灵阵	65704	26018784	23653440	35480160	23653440	52920
883	883级聚灵阵	65884	26090064	23718240	35577360	23718240	52980
884	884级聚灵阵	66064	26161344	23783040	35674560	23783040	53040
885	885级聚灵阵	66244	26232624	23847840	35771760	23847840	53100
886	886级聚灵阵	66424	26303904	23912640	35868960	23912640	53160
887	887级聚灵阵	66604	26375184	23977440	35966160	23977440	53220
888	888级聚灵阵	66784	26446464	24042240	36063360	24042240	53280
889	889级聚灵阵	66964	26517744	24107040	36160560	24107040	53340
890	890级聚灵阵	67144	26589024	24171840	36257760	24171840	53400
891	891级聚灵阵	67324	26660304	24236640	36354960	24236640	53460
892	892级聚灵阵	67504	26731584	24301440	36452160	24301440	53520
893	893级聚灵阵	67684	26802864	24366240	36549360	24366240	53580
894	894级聚灵阵	67864	26874144	24431040	36646560	24431040	53640
895	895级聚灵阵	68044	26945424	24495840	36743760	24495840	53700
896	896级聚灵阵	68224	27016704	24560640	36840960	24560640	53760
897	897级聚灵阵	68404	27087984	24625440	36938160	24625440	53820
898	898级聚灵阵	68584	27159264	24690240	37035360	24690240	53880
899	899级聚灵阵	68764	27230544	24755040	37132560	24755040	53940
900	900级聚灵阵	68944	27301824	24819840	37229760	24819840	54000
901	901级聚灵阵	69144	29870208	27381024	39826944	24891840	54060
902	902级聚灵阵	69344	29956608	27460224	39942144	24963840	54120
903	903级聚灵阵	69544	30043008	27539424	40057344	25035840	54180
904	904级聚灵阵	69744	30129408	27618624	40172544	25107840	54240
905	905级聚灵阵	69944	30215808	27697824	40287744	25179840	54300
906	906级聚灵阵	70144	30302208	27777024	40402944	25251840	54360
907	907级聚灵阵	70344	30388608	27856224	40518144	25323840	54420
908	908级聚灵阵	70544	30475008	27935424	40633344	25395840	54480
909	909级聚灵阵	70744	30561408	28014624	40748544	25467840	54540
910	910级聚灵阵	70944	30647808	28093824	40863744	25539840	54600
911	911级聚灵阵	71144	30734208	28173024	40978944	25611840	54660
912	912级聚灵阵	71344	30820608	28252224	41094144	25683840	54720
913	913级聚灵阵	71544	30907008	28331424	41209344	25755840	54780
914	914级聚灵阵	71744	30993408	28410624	41324544	25827840	54840
915	915级聚灵阵	71944	31079808	28489824	41439744	25899840	54900
916	916级聚灵阵	72144	31166208	28569024	41554944	25971840	54960
917	917级聚灵阵	72344	31252608	28648224	41670144	26043840	55020
918	918级聚灵阵	72544	31339008	28727424	41785344	26115840	55080
919	919级聚灵阵	72744	31425408	28806624	41900544	26187840	55140
920	920级聚灵阵	72944	31511808	28885824	42015744	26259840	55200
921	921级聚灵阵	73144	31598208	28965024	42130944	26331840	55260
922	922级聚灵阵	73344	31684608	29044224	42246144	26403840	55320
923	923级聚灵阵	73544	31771008	29123424	42361344	26475840	55380
924	924级聚灵阵	73744	31857408	29202624	42476544	26547840	55440
925	925级聚灵阵	73944	31943808	29281824	42591744	26619840	55500
926	926级聚灵阵	74144	32030208	29361024	42706944	26691840	55560
927	927级聚灵阵	74344	32116608	29440224	42822144	26763840	55620
928	928级聚灵阵	74544	32203008	29519424	42937344	26835840	55680
929	929级聚灵阵	74744	32289408	29598624	43052544	26907840	55740
930	930级聚灵阵	74944	32375808	29677824	43167744	26979840	55800
931	931级聚灵阵	75144	32462208	29757024	43282944	27051840	55860
932	932级聚灵阵	75344	32548608	29836224	43398144	27123840	55920
933	933级聚灵阵	75544	32635008	29915424	43513344	27195840	55980
934	934级聚灵阵	75744	32721408	29994624	43628544	27267840	56040
935	935级聚灵阵	75944	32807808	30073824	43743744	27339840	56100
936	936级聚灵阵	76144	32894208	30153024	43858944	27411840	56160
937	937级聚灵阵	76344	32980608	30232224	43974144	27483840	56220
938	938级聚灵阵	76544	33067008	30311424	44089344	27555840	56280
939	939级聚灵阵	76744	33153408	30390624	44204544	27627840	56340
940	940级聚灵阵	76944	33239808	30469824	44319744	27699840	56400
941	941级聚灵阵	77144	33326208	30549024	44434944	27771840	56460
942	942级聚灵阵	77344	33412608	30628224	44550144	27843840	56520
943	943级聚灵阵	77544	33499008	30707424	44665344	27915840	56580
944	944级聚灵阵	77744	33585408	30786624	44780544	27987840	56640
945	945级聚灵阵	77944	33671808	30865824	44895744	28059840	56700
946	946级聚灵阵	78144	33758208	30945024	45010944	28131840	56760
947	947级聚灵阵	78344	33844608	31024224	45126144	28203840	56820
948	948级聚灵阵	78544	33931008	31103424	45241344	28275840	56880
949	949级聚灵阵	78744	34017408	31182624	45356544	28347840	56940
950	950级聚灵阵	78944	34103808	31261824	45471744	28419840	57000
951	951级聚灵阵	79164	37048752	34198848	48448368	28499040	57060
952	952级聚灵阵	79384	37151712	34293888	48583008	28578240	57120
953	953级聚灵阵	79604	37254672	34388928	48717648	28657440	57180
954	954级聚灵阵	79824	37357632	34483968	48852288	28736640	57240
955	955级聚灵阵	80044	37460592	34579008	48986928	28815840	57300
956	956级聚灵阵	80264	37563552	34674048	49121568	28895040	57360
957	957级聚灵阵	80484	37666512	34769088	49256208	28974240	57420
958	958级聚灵阵	80704	37769472	34864128	49390848	29053440	57480
959	959级聚灵阵	80924	37872432	34959168	49525488	29132640	57540
960	960级聚灵阵	81144	37975392	35054208	49660128	29211840	57600
961	961级聚灵阵	81364	38078352	35149248	49794768	29291040	57660
962	962级聚灵阵	81584	38181312	35244288	49929408	29370240	57720
963	963级聚灵阵	81804	38284272	35339328	50064048	29449440	57780
964	964级聚灵阵	82024	38387232	35434368	50198688	29528640	57840
965	965级聚灵阵	82244	38490192	35529408	50333328	29607840	57900
966	966级聚灵阵	82464	38593152	35624448	50467968	29687040	57960
967	967级聚灵阵	82684	38696112	35719488	50602608	29766240	58020
968	968级聚灵阵	82904	38799072	35814528	50737248	29845440	58080
969	969级聚灵阵	83124	38902032	35909568	50871888	29924640	58140
970	970级聚灵阵	83344	39004992	36004608	51006528	30003840	58200
971	971级聚灵阵	83564	39107952	36099648	51141168	30083040	58260
972	972级聚灵阵	83784	39210912	36194688	51275808	30162240	58320
973	973级聚灵阵	84004	39313872	36289728	51410448	30241440	58380
974	974级聚灵阵	84224	39416832	36384768	51545088	30320640	58440
975	975级聚灵阵	84444	39519792	36479808	51679728	30399840	58500
976	976级聚灵阵	84664	39622752	36574848	51814368	30479040	58560
977	977级聚灵阵	84884	39725712	36669888	51949008	30558240	58620
978	978级聚灵阵	85104	39828672	36764928	52083648	30637440	58680
979	979级聚灵阵	85324	39931632	36859968	52218288	30716640	58740
980	980级聚灵阵	85544	40034592	36955008	52352928	30795840	58800
981	981级聚灵阵	85764	40137552	37050048	52487568	30875040	58860
982	982级聚灵阵	85984	40240512	37145088	52622208	30954240	58920
983	983级聚灵阵	86204	40343472	37240128	52756848	31033440	58980
984	984级聚灵阵	86424	40446432	37335168	52891488	31112640	59040
985	985级聚灵阵	86644	40549392	37430208	53026128	31191840	59100
986	986级聚灵阵	86864	40652352	37525248	53160768	31271040	59160
987	987级聚灵阵	87084	40755312	37620288	53295408	31350240	59220
988	988级聚灵阵	87304	40858272	37715328	53430048	31429440	59280
989	989级聚灵阵	87524	40961232	37810368	53564688	31508640	59340
990	990级聚灵阵	87744	41064192	37905408	53699328	31587840	59400
991	991级聚灵阵	87964	41167152	38000448	53833968	31667040	59460
992	992级聚灵阵	88184	41270112	38095488	53968608	31746240	59520
993	993级聚灵阵	88404	41373072	38190528	54103248	31825440	59580
994	994级聚灵阵	88624	41476032	38285568	54237888	31904640	59640
995	995级聚灵阵	88844	41578992	38380608	54372528	31983840	59700
996	996级聚灵阵	89064	41681952	38475648	54507168	32063040	59760
997	997级聚灵阵	89284	41784912	38570688	54641808	32142240	59820
998	998级聚灵阵	89504	41887872	38665728	54776448	32221440	59880
999	999级聚灵阵	89724	41990832	38760768	54911088	32300640	59940
1000	1000级聚灵阵	89944	42093792	38855808	55045728	32379840	60000
