level_XBXXZ	name_XBXXZ	nextexp_XBXXZ	minexp_XBXXZ	maxexp_XBXXZ	attack_XBXXZ	defence_XBXXZ	maxhp_XBXXZ	pkscore_XBXXZ	doomlevel_XBXXZ	gold_XBXXZ	bodylevel_XBXXZ
1	练气1阶	9 	1	5	6	0	120	10	0	20	0
2	练气2阶	60 	2	7	7	0	130	20	0	20	0
3	练气3阶	144 	3	9	8	0	140	30	0	20	0
4	练气4阶	288 	4	11	9	0	150	40	0	20	0
5	练气5阶	432 	5	13	10	0	160	50	0	20	0
6	练气6阶	660 	6	15	11	0	170	60	0	20	0
7	练气7阶	864 	7	17	12	0	180	70	0	20	0
8	练气8阶	1176 	8	19	13	0	190	80	0	20	0
9	练气9阶	1440 	9	21	14	0	200	90	0	20	0
10	练气10阶	2040 	10	23	15	0	210	110	1	20	0
11	筑基1阶	3510 	12	27	17	0	230	130	2	24	0
12	筑基2阶	5400 	14	31	19	0	250	150	3	26	0
13	筑基3阶	7650 	16	35	21	0	270	170	4	28	0
14	筑基4阶	10260 	18	39	23	0	290	190	5	30	0
15	筑基5阶	13230 	20	43	25	0	310	210	6	32	0
16	筑基6阶	16560 	22	47	27	0	330	230	7	34	0
17	筑基7阶	20250 	24	51	29	0	350	250	8	36	0
18	筑基8阶	24300 	26	55	31	0	370	270	9	38	0
19	筑基9阶	31320 	28	59	33	0	390	290	10	40	0
20	筑基10阶	41850 	30	63	35	0	410	320	11	42	0
21	金丹1阶	70200 	50	80	37	0	440	350	12	44	0
22	金丹2阶	113400 	60	120	39	0	470	380	13	46	0
23	金丹3阶	165600 	70	160	41	0	500	410	14	48	0
24	金丹4阶	226800 	80	200	43	0	530	440	15	50	0
25	金丹5阶	297000 	90	240	45	0	560	470	16	52	0
26	金丹6阶	376200 	100	280	47	0	590	500	17	54	0
27	金丹7阶	464400 	110	320	49	0	620	530	18	56	0
28	金丹8阶	561600 	120	360	51	0	650	560	19	58	0
29	金丹9阶	810900 	130	400	53	0	680	590	20	60	0
30	金丹10阶	1096200 	140	440	55	0	710	630	21	62	0
31	元婴1阶	1530000 	160	520	57	0	750	670	22	64	0
32	元婴2阶	2035800 	180	600	59	0	790	710	23	66	0
33	元婴3阶	2613600 	200	680	61	0	830	750	24	68	0
34	元婴4阶	3263400 	220	760	63	0	870	790	25	70	0
35	元婴5阶	3985200 	240	840	65	0	910	830	26	72	0
36	元婴6阶	4779000 	260	920	67	0	950	870	27	74	0
37	元婴7阶	5644800 	280	1000	69	0	990	910	28	76	0
38	元婴8阶	6582600 	300	1080	71	0	1030	950	29	78	0
39	元婴9阶	8125200 	320	1160	73	0	1070	990	30	80	0
40	元婴10阶	9811800 	340	1240	75	0	1110	1040	31	82	0
41	出窍1阶	12404700 	390	1400	77	0	1160	1090	32	84	0
42	出窍2阶	15300000 	440	1560	79	0	1210	1140	33	86	0
43	出窍3阶	18497700 	490	1720	81	0	1260	1190	34	88	0
44	出窍4阶	21997800 	540	1880	83	0	1310	1240	35	90	0
45	出窍5阶	25800300 	590	2040	85	0	1360	1290	36	92	0
46	出窍6阶	29905200 	640	2200	87	0	1410	1340	37	94	0
47	出窍7阶	34312500 	690	2360	89	0	1460	1390	38	96	0
48	出窍8阶	39022200 	740	2520	91	0	1510	1440	39	98	0
49	出窍9阶	46532700 	790	2680	93	0	1560	1490	40	100	0
50	出窍10阶	54648000 	840	2840	95	0	1610	1550	41	102	0
51	分神1阶	66789000 	940	3160	97	0	1670	1610	42	104	0
52	分神2阶	80139600 	1040	3480	99	0	1730	1670	43	106	0
53	分神3阶	94699800 	1140	3800	101	0	1790	1730	44	108	0
54	分神4阶	110469600 	1240	4120	103	0	1850	1790	45	110	0
55	分神5阶	127449000 	1340	4440	105	0	1910	1850	46	112	0
56	分神6阶	145638000 	1440	4760	107	0	1970	1910	47	114	0
57	分神7阶	165036600 	1540	5080	109	0	2030	1970	48	116	0
58	分神8阶	185644800 	1640	5400	111	0	2090	2030	49	118	0
59	分神9阶	218205000 	1740	5720	113	0	2150	2090	50	120	0
60	分神10阶	253184400 	1840	6040	115	0	2210	2160	51	122	0
61	合体1阶	288132300 	1990	6240	117	0	2280	2230	52	124	0
62	合体2阶	325096200 	2140	6440	119	0	2350	2300	53	126	0
63	合体3阶	364076100 	2290	6640	121	0	2420	2370	54	128	0
64	合体4阶	405072000 	2440	6840	123	0	2490	2440	55	130	0
65	合体5阶	448083900 	2590	7040	125	0	2560	2510	56	132	0
66	合体6阶	493111800 	2740	7240	127	0	2630	2580	57	134	0
67	合体7阶	540155700 	2890	7440	129	0	2700	2650	58	136	0
68	合体8阶	589215600 	3040	7640	131	0	2770	2720	59	138	0
69	合体9阶	640291500 	3190	7840	133	0	2840	2790	60	140	0
70	合体10阶	693383400 	3340	8040	135	0	2910	2870	61	142	0
71	洞虚1阶	748491300 	3490	8240	137	0	2990	2950	62	144	0
72	洞虚2阶	805615200 	3640	8440	139	0	3070	3030	63	146	0
73	洞虚3阶	864755100 	3790	8640	141	0	3150	3110	64	148	0
74	洞虚4阶	925911000 	3940	8840	143	0	3230	3190	65	150	0
75	洞虚5阶	989082900 	4090	9040	145	0	3310	3270	66	152	0
76	洞虚6阶	1054270800 	4240	9240	147	0	3390	3350	67	154	0
77	洞虚7阶	1121474700 	4390	9440	149	0	3470	3430	68	156	0
78	洞虚8阶	1190694600 	4540	9640	151	0	3550	3510	69	158	0
79	洞虚9阶	1261930500 	4690	9840	153	0	3630	3590	70	160	0
80	洞虚10阶	1335182400 	4840	10040	155	0	3710	3680	71	162	0
81	大乘1阶	1410450300 	4990	10240	157	0	3800	3770	72	164	0
82	大乘2阶	1487734200 	5140	10440	159	0	3890	3860	73	166	0
83	大乘3阶	1567034100 	5290	10640	161	0	3980	3950	74	168	0
84	大乘4阶	1648350000 	5440	10840	163	0	4070	4040	75	170	0
85	大乘5阶	1731681900 	5590	11040	165	0	4160	4130	76	172	0
86	大乘6阶	1817029800 	5740	11240	167	0	4250	4220	77	174	0
87	大乘7阶	1904393700 	5890	11440	169	0	4340	4310	78	176	0
88	大乘8阶	1993773600 	6040	11640	171	0	4430	4400	79	178	0
89	大乘9阶	2085169500 	6190	11840	173	0	4520	4490	80	180	0
90	大乘10阶	2178581400 	6340	12040	175	0	4610	4590	81	182	0
91	洞真1阶	2274009300 	6490	12240	177	0	4710	4690	82	184	0
92	洞真2阶	2371453200 	6640	12440	179	0	4810	4790	83	186	0
93	洞真3阶	2470913100 	6790	12640	181	0	4910	4890	84	188	0
94	洞真4阶	2572389000 	6940	12840	183	0	5010	4990	85	190	0
95	洞真5阶	2675880900 	7090	13040	185	0	5110	5090	86	192	0
96	洞真6阶	2781388800 	7240	13240	187	0	5210	5190	87	194	0
97	洞真7阶	2888912700 	7390	13440	189	0	5310	5290	88	196	0
98	洞真8阶	2998452600 	7540	13640	191	0	5410	5390	89	198	0
99	洞真9阶	3110008500 	7690	13840	193	0	5510	5490	90	200	0
100	洞真10阶	3223580400 	7840	14040	195	0	5610	5590	91	202	51
101	散仙1阶	3339168300 	7990	14240	197	0	5720	5690	92	204	51
102	散仙2阶	3456772200 	8140	14440	199	0	5830	5790	93	206	51
103	散仙3阶	3576392100 	8290	14640	201	0	5940	5890	94	208	51
104	散仙4阶	3698028000 	8440	14840	203	0	6050	5990	95	210	51
105	散仙5阶	3821679900 	8590	15040	205	0	6160	6090	96	212	51
106	散仙6阶	3947347800 	8740	15240	207	0	6270	6190	97	214	51
107	散仙7阶	4075031700 	8890	15440	209	0	6380	6290	98	216	51
108	散仙8阶	4204731600 	9040	15640	211	0	6490	6390	99	218	51
109	散仙9阶	4336447500 	9190	15840	213	0	6600	6490	100	220	51
110	散仙10阶	4470179400 	9340	16040	215	0	6710	6590	101	222	51
111	游仙1阶	4605927300 	9490	16240	217	0	6830	6690	102	224	51
112	游仙2阶	4743691200 	9640	16440	219	0	6950	6790	103	226	51
113	游仙3阶	4883471100 	9790	16640	221	0	7070	6890	104	228	51
114	游仙4阶	5025267000 	9940	16840	223	0	7190	6990	105	230	51
115	游仙5阶	5169078900 	10090	17040	225	0	7310	7090	106	232	51
116	游仙6阶	5314906800 	10240	17240	227	0	7430	7190	107	234	51
117	游仙7阶	5462750700 	10390	17440	229	0	7550	7290	108	236	51
118	游仙8阶	5612610600 	10540	17640	231	0	7670	7390	109	238	51
119	游仙9阶	5764486500 	10690	17840	233	0	7790	7490	110	240	51
120	游仙10阶	5918378400 	10840	18040	235	0	7910	7590	111	242	51
121	地仙1阶	6074286300 	10990	18240	237	0	8040	7690	112	244	71
122	地仙2阶	6232210200 	11140	18440	239	0	8170	7790	113	246	71
123	地仙3阶	6392150100 	11290	18640	241	0	8300	7890	114	248	71
124	地仙4阶	6554106000 	11440	18840	243	0	8430	7990	115	250	71
125	地仙5阶	6718077900 	11590	19040	245	0	8560	8090	116	252	71
126	地仙6阶	6884065800 	11740	19240	247	0	8690	8190	117	254	71
127	地仙7阶	7052069700 	11890	19440	249	0	8820	8290	118	256	71
128	地仙8阶	7222089600 	12040	19640	251	0	8950	8390	119	258	71
129	地仙9阶	7394125500 	12190	19840	253	0	9080	8490	120	260	71
130	地仙10阶	7568177400 	12340	20040	255	0	9210	8590	121	262	71
131	天仙1阶	7744245300 	12490	20240	257	0	9350	8690	122	264	81
132	天仙2阶	7922329200 	12640	20440	259	0	9490	8790	123	266	81
133	天仙3阶	8102429100 	12790	20640	261	0	9630	8890	124	268	81
134	天仙4阶	8284545000 	12940	20840	263	0	9770	8990	125	270	81
135	天仙5阶	8468676900 	13090	21040	265	0	9910	9090	126	272	81
136	天仙6阶	8654824800 	13240	21240	267	0	10050	9190	127	274	81
137	天仙7阶	8842988700 	13390	21440	269	0	10190	9290	128	276	81
138	天仙8阶	9033168600 	13540	21640	271	0	10330	9390	129	278	81
139	天仙9阶	9225364500 	13690	21840	273	0	10470	9490	130	280	81
140	天仙10阶	9419576400 	13840	22040	275	0	10610	9590	131	282	81
141	金仙1阶	9615804300 	13990	22240	277	0	10760	9690	132	284	81
142	金仙2阶	9814048200 	14140	22440	279	0	10910	9790	133	286	81
143	金仙3阶	10014308100 	14290	22640	281	0	11060	9890	134	288	81
144	金仙4阶	10216584000 	14440	22840	283	0	11210	9990	135	290	81
145	金仙5阶	10420875900 	14590	23040	285	0	11360	10090	136	292	81
146	金仙6阶	10627183800 	14740	23240	287	0	11510	10190	137	294	81
147	金仙7阶	10835507700 	14890	23440	289	0	11660	10290	138	296	81
148	金仙8阶	11045847600 	15040	23640	291	0	11810	10390	139	298	81
149	金仙9阶	11258203500 	15190	23840	293	0	11960	10490	140	300	81
150	金仙10阶	11472575400 	15340	24040	295	0	12110	10590	141	302	81
151	大罗金仙1阶	11688963300 	15490	24240	297	0	12270	10690	142	320	101
152	大罗金仙2阶	11907367200 	15640	24440	299	0	12430	10790	143	320	101
153	大罗金仙3阶	12127787100 	15790	24640	301	0	12590	10890	144	320	101
154	大罗金仙4阶	12350223000 	15940	24840	303	0	12750	10990	145	320	101
155	大罗金仙5阶	12574674900 	16090	25040	305	0	12910	11090	146	320	101
156	大罗金仙6阶	12801142800 	16240	25240	307	0	13070	11190	147	320	101
157	大罗金仙7阶	13029626700 	16390	25440	309	0	13230	11290	148	320	101
158	大罗金仙8阶	13260126600 	16540	25640	311	0	13390	11390	149	320	101
159	大罗金仙9阶	13492642500 	16690	25840	313	0	13550	11490	150	320	101
160	大罗金仙10阶	13727174400 	16840	26040	315	0	13710	11590	151	320	101
161	玄仙1阶	15099891840 	16990	26240	317	0	13870	11590	152	320	121
162	玄仙2阶	16609881024 	17140	26440	319	0	14030	11590	153	320	121
163	玄仙3阶	18270869126 	17290	26640	321	0	14190	11590	154	320	121
164	玄仙4阶	20097956039 	17440	26840	323	0	14350	11590	155	320	121
165	玄仙5阶	22107751643 	17590	27040	325	0	14510	11590	156	320	121
166	玄仙6阶	24318526807 	17740	27240	327	0	14670	11590	157	320	121
167	玄仙7阶	26750379488 	17890	27440	329	0	14830	11590	158	320	121
168	玄仙8阶	29425417437 	18040	27640	331	0	14990	11590	159	320	121
169	玄仙9阶	32367959180 	18190	27840	333	0	15150	11590	160	320	121
170	玄仙10阶	35604755098 	18340	28040	335	0	15310	11590	161	320	121
171	仙君1阶	39165230608 	18490	28240	337	0	15470	11590	162	320	131
172	仙君2阶	43081753669 	18640	28440	339	0	15630	11590	163	320	131
173	仙君3阶	47389929036 	18790	28640	341	0	15790	11590	164	320	131
174	仙君4阶	52128921940 	18940	28840	343	0	15950	11590	165	320	131
175	仙君5阶	57341814134 	19090	29040	345	0	16110	11590	166	320	131
176	仙君6阶	63075995547 	19240	29240	347	0	16270	11590	167	320	131
177	仙君7阶	69383595102 	19390	29440	349	0	16430	11590	168	320	131
178	仙君8阶	76321954612 	19540	29640	351	0	16590	11590	169	320	131
179	仙君9阶	83954150073 	19690	29840	353	0	16750	11590	170	320	131
180	仙君10阶	92349565080 	19840	30040	355	0	16910	11590	171	320	141
181	仙尊1阶	101584521588 	19990	30240	357	0	17070	11590	172	320	141
182	仙尊2阶	111742973747 	20140	30440	359	0	17230	11590	173	320	141
183	仙尊3阶	122917271122 	20290	30640	361	0	17390	11590	174	320	141
184	仙尊4阶	135208998234 	20440	30840	363	0	17550	11590	175	320	141
185	仙尊5阶	148729898058 	20590	31040	365	0	17710	11590	176	320	141
186	仙尊6阶	163602887863 	20740	31240	367	0	17870	11590	177	320	141
187	仙尊7阶	179963176650 	20890	31440	369	0	18030	11590	178	320	141
188	仙尊8阶	197959494315 	21040	31640	371	0	18190	11590	179	320	141
189	仙尊9阶	217755443746 	21190	31840	373	0	18350	11590	180	320	141
190	仙尊10阶	239530988121 	21340	32040	375	0	18510	11590	181	320	141
191	准帝仙1阶	263484086933 	21490	32240	377	0	18670	11590	182	320	141
192	准帝仙2阶	289832495626 	21640	32440	379	0	18830	11590	183	320	141
193	准帝仙3阶	318815745189 	21790	32640	381	0	18990	11590	184	320	141
194	准帝仙4阶	350697319708 	21940	32840	383	0	19150	11590	185	320	141
195	准帝仙5阶	385767051678 	22090	33040	385	0	19310	11590	186	320	141
196	准帝仙6阶	424343756846 	22240	33240	387	0	19470	11590	187	320	141
197	准帝仙7阶	466778132531 	22390	33440	389	0	19630	11590	188	320	141
198	准帝仙8阶	513455945784 	22540	33640	391	0	19790	11590	189	320	141
199	准帝仙9阶	564801540362 	22690	33840	393	0	19950	11590	190	320	141
200	准帝仙10阶	621281694399 	22840	34040	395	0	20110	11590	191	320	141
201	帝仙1阶	683409863838 	22990	34240	397	0	20270	11590	192	320	141
202	帝仙2阶	751750850222 	23140	34440	399	0	20430	11590	193	320	141
203	帝仙3阶	826925935244 	23290	34640	401	0	20590	11590	194	320	141
204	帝仙4阶	909618528769 	23440	34840	403	0	20750	11590	195	320	141
205	帝仙5阶	1000580381646 	23590	35040	405	0	20910	11590	196	320	141
206	帝仙6阶	1100638419810 	23740	35240	407	0	21070	11590	197	320	141
207	帝仙7阶	1210702261791 	23890	35440	409	0	21230	11590	198	320	141
208	帝仙8阶	1331772487971 	24040	35640	411	0	21390	11590	199	320	141
209	帝仙9阶	1464949736768 	24190	35840	413	0	21550	11590	200	320	141
210	帝仙10阶	1611444710444 	24340	36040	415	0	21710	11590	201	320	141
211	准圣1阶	1772589181489 	24490	36240	417	0	21870	11590	202	320	141
212	准圣2阶	1949848099638 	24640	36440	419	0	22030	11590	203	320	141
213	准圣3阶	2144832909601 	24790	36640	421	0	22190	11590	204	320	141
214	准圣4阶	2359316200562 	24940	36840	423	0	22350	11590	205	320	141
215	准圣5阶	2595247820618 	25090	37040	425	0	22510	11590	206	320	141
216	准圣6阶	2854772602679 	25240	37240	427	0	22670	11590	207	320	141
217	准圣7阶	3140249862947 	25390	37440	429	0	22830	11590	208	320	141
218	准圣8阶	3454274849242 	25540	37640	431	0	22990	11590	209	320	141
219	准圣9阶	3799702334166 	25690	37840	433	0	23150	11590	210	320	141
220	准圣10阶	4179672567583 	25840	38040	435	0	23310	11590	211	320	141
221	圣人1阶	4597639824341 	25990	38240	437	0	23470	11590	212	320	141
222	圣人2阶	5057403806775 	26140	38440	439	0	23630	11590	213	320	141
223	圣人3阶	5563144187453 	26290	38640	441	0	23790	11590	214	320	141
224	圣人4阶	6119458606198 	26440	38840	443	0	23950	11590	215	320	141
225	圣人5阶	6731404466818 	26590	39040	445	0	24110	11590	216	320	141
226	圣人6阶	7404544913500 	26740	39240	447	0	24270	11590	217	320	141
227	圣人7阶	8144999404850 	26890	39440	449	0	24430	11590	218	320	141
228	圣人8阶	8959499345335 	27040	39640	451	0	24590	11590	219	320	141
229	圣人9阶	9855449279868 	27190	39840	453	0	24750	11590	220	320	141
230	圣人10阶	10840994207855 	27340	40040	455	0	24910	11590	221	320	141
231	一转圣人1阶	11925093628641 	27490	40240	457	0	25070	11590	222	320	141
232	一转圣人2阶	13117602991505 	27640	40440	459	0	25230	11590	223	320	141
233	一转圣人3阶	14429363290655 	27790	40640	461	0	25390	11590	224	320	141
234	一转圣人4阶	15872299619721 	27940	40840	463	0	25550	11590	225	320	141
235	一转圣人5阶	17459529581693 	28090	41040	465	0	25710	11590	226	320	141
236	一转圣人6阶	19205482539862 	28240	41240	467	0	25870	11590	227	320	141
237	一转圣人7阶	21126030793849 	28390	41440	469	0	26030	11590	228	320	141
238	一转圣人8阶	23238633873233 	28540	41640	471	0	26190	11590	229	320	141
239	一转圣人9阶	25562497260557 	28690	41840	473	0	26350	11590	230	320	141
240	一转圣人10阶	28118746986612 	28840	42040	475	0	26510	11590	231	320	141
241	二转圣人1阶	30930621685274 	28990	42240	477	0	26670	11590	232	320	141
242	二转圣人2阶	34023683853801 	29140	42440	479	0	26830	11590	233	320	141
243	二转圣人3阶	37426052239181 	29290	42640	481	0	26990	11590	234	320	141
244	二转圣人4阶	41168657463099 	29440	42840	483	0	27150	11590	235	320	141
245	二转圣人5阶	45285523209409 	29590	43040	485	0	27310	11590	236	320	141
246	二转圣人6阶	49814075530350 	29740	43240	487	0	27470	11590	237	320	141
247	二转圣人7阶	54795483083385 	29890	43440	489	0	27630	11590	238	320	141
248	二转圣人8阶	60275031391723 	30040	43640	491	0	27790	11590	239	320	141
249	二转圣人9阶	66302534530896 	30190	43840	493	0	27950	11590	240	320	141
250	二转圣人10阶	72932787983985 	30340	44040	495	0	28110	11590	241	320	141
251	三转圣人1阶	80226066782384 	30490	44240	497	0	28270	11590	242	320	141
252	三转圣人2阶	88248673460622 	30640	44440	499	0	28430	11590	243	320	141
253	三转圣人3阶	97073540806685 	30790	44640	501	0	28590	11590	244	320	141
254	三转圣人4阶	106780894887353 	30940	44840	503	0	28750	11590	245	320	141
255	三转圣人5阶	117458984376088 	31090	45040	505	0	28910	11590	246	320	141
256	三转圣人6阶	129204882813697 	31240	45240	507	0	29070	11590	247	320	141
257	三转圣人7阶	142125371095067 	31390	45440	509	0	29230	11590	248	320	141
258	三转圣人8阶	156337908204573 	31540	45640	511	0	29390	11590	249	320	141
259	三转圣人9阶	171971699025031 	31690	45840	513	0	29550	11590	250	320	141
260	三转圣人10阶	189168868927534 	31840	46040	515	0	29710	11590	251	320	141
261	四转圣人1阶	208085755820287 	31990	46240	517	0	29870	11590	252	320	141
262	四转圣人2阶	228894331402316 	32140	46440	519	0	30030	11590	253	320	141
263	四转圣人3阶	251783764542548 	32290	46640	521	0	30190	11590	254	320	141
264	四转圣人4阶	276962140996802 	32440	46840	523	0	30350	11590	255	320	141
265	四转圣人5阶	304658355096483 	32590	47040	525	0	30510	11590	256	320	141
266	四转圣人6阶	335124190606131 	32740	47240	527	0	30670	11590	257	320	141
267	四转圣人7阶	368636609666744 	32890	47440	529	0	30830	11590	258	320	141
268	四转圣人8阶	405500270633419 	33040	47640	531	0	30990	11590	259	320	141
269	四转圣人9阶	446050297696760 	33190	47840	533	0	31150	11590	260	320	141
270	四转圣人10阶	490655327466436 	33340	48040	535	0	31310	11590	261	320	141
271	五转圣人1阶	539720860213080 	33490	48240	537	0	31470	11590	262	320	141
272	五转圣人2阶	593692946234388 	33640	48440	539	0	31630	11590	263	320	141
273	五转圣人3阶	653062240857827 	33790	48640	541	0	31790	11590	264	320	141
274	五转圣人4阶	718368464943610 	33940	48840	543	0	31950	11590	265	320	141
275	五转圣人5阶	790205311437971 	34090	49040	545	0	32110	11590	266	320	141
276	五转圣人6阶	869225842581768 	34240	49240	547	0	32270	11590	267	320	141
277	五转圣人7阶	956148426839945 	34390	49440	549	0	32430	11590	268	320	141
278	五转圣人8阶	1051763269523940 	34540	49640	551	0	32590	11590	269	320	141
279	五转圣人9阶	1156939596476330 	34690	49840	553	0	32750	11590	270	320	141
280	五转圣人10阶	1272633556123970 	34840	50040	555	0	32910	11590	271	320	141
281	六转圣人1阶	1399896911736360 	34990	50240	557	0	33070	11590	272	320	141
282	六转圣人2阶	1539886602910000 	35140	50440	559	0	33230	11590	273	320	141
283	六转圣人3阶	1693875263201000 	35290	50640	561	0	33390	11590	274	320	141
284	六转圣人4阶	1863262789521100 	35440	50840	563	0	33550	11590	275	320	141
285	六转圣人5阶	2049589068473210 	35590	51040	565	0	33710	11590	276	320	141
286	六转圣人6阶	2254547975320530 	35740	51240	567	0	33870	11590	277	320	141
287	六转圣人7阶	2480002772852590 	35890	51440	569	0	34030	11590	278	320	141
288	六转圣人8阶	2728003050137840 	36040	51640	571	0	34190	11590	279	320	141
289	六转圣人9阶	3000803355151630 	36190	51840	573	0	34350	11590	280	320	141
290	六转圣人10阶	3300883690666790 	36340	52040	575	0	34510	11590	281	320	141
291	七转圣人1阶	3630972059733470 	36490	52240	577	0	34670	11590	282	320	141
292	七转圣人2阶	3994069265706820 	36640	52440	579	0	34830	11590	283	320	141
293	七转圣人3阶	4393476192277500 	36790	52640	581	0	34990	11590	284	320	141
294	七转圣人4阶	4832823811505250 	36940	52840	583	0	35150	11590	285	320	141
295	七转圣人5阶	5316106192655780 	37090	53040	585	0	35310	11590	286	320	141
296	七转圣人6阶	5847716811921360 	37240	53240	587	0	35470	11590	287	320	141
297	七转圣人7阶	6432488493113490 	37390	53440	589	0	35630	11590	288	320	141
298	七转圣人8阶	7075737342424840 	37540	53640	591	0	35790	11590	289	320	141
299	七转圣人9阶	7783311076667330 	37690	53840	593	0	35950	11590	290	320	141
300	七转圣人10阶	8561642184334060 	37840	54040	595	0	36110	11590	291	320	141
301	八转圣人1阶	9417806402767470 	37990	54240	597	0	36270	11590	292	320	141
302	八转圣人2阶	10359587043044200 	38140	54440	599	0	36430	11590	293	320	141
303	八转圣人3阶	11395545747348600 	38290	54640	601	0	36590	11590	294	320	141
304	八转圣人4阶	12535100322083500 	38440	54840	603	0	36750	11590	295	320	141
305	八转圣人5阶	13788610354291900 	38590	55040	605	0	36910	11590	296	320	141
306	八转圣人6阶	15167471389721000 	38740	55240	607	0	37070	11590	297	320	141
307	八转圣人7阶	16684218528693100 	38890	55440	609	0	37230	11590	298	320	141
308	八转圣人8阶	18352640381562500 	39040	55640	611	0	37390	11590	299	320	141
309	八转圣人9阶	20187904419718700 	39190	55840	613	0	37550	11590	300	320	141
310	八转圣人10阶	22206694861690600 	39340	56040	615	0	37710	11590	301	320	141
311	九转圣人1阶	24427364347859600 	39490	56240	617	0	37870	11590	302	320	141
312	九转圣人2阶	26870100782645600 	39640	56440	619	0	38030	11590	303	320	141
313	九转圣人3阶	29557110860910200 	39790	56640	621	0	38190	11590	304	320	141
314	九转圣人4阶	32512821947001200 	39940	56840	623	0	38350	11590	305	320	141
315	九转圣人5阶	35764104141701300 	40090	57040	625	0	38510	11590	306	320	141
316	九转圣人6阶	39340514555871500 	40240	57240	627	0	38670	11590	307	320	141
317	九转圣人7阶	43274566011458600 	40390	57440	629	0	38830	11590	308	320	141
318	九转圣人8阶	47602022612604500 	40540	57640	631	0	38990	11590	309	320	141
319	九转圣人9阶	52362224873864900 	40690	57840	633	0	39150	11590	310	320	141
320	九转圣人10阶	57598447361251400 	40840	58040	635	0	39310	11590	311	320	141
