ID_XBXXZ	Name_XBXXZ	FiveElements_XBXXZ	Level_XBXXZ	Type_XBXXZ	Effect_XBXXZ	LevelLimit_XBXXZ	UpType_XBXXZ	InitValue_XBXXZ	UpdataValue_XBXXZ	Cost2_XBXXZ	Cost3_XBXXZ	Cost4_XBXXZ	Cost5_XBXXZ	Cost6_XBXXZ	Cost7_XBXXZ	Cost8_XBXXZ	Cost9_XBXXZ	Cost10_XBXXZ
1	残阳诀	1	1	正派	修炼时每次增加修为	10	1	1	1	100	5000	25000	125000	625000	2600000	7800000	16000000	33000000
2	紫霞功	2	4	正派	修炼时每次增加修为	10	1	10	10	100	5000	25000	125000	625000	2600000	7800000	16000000	33000000
3	青云诀	3	5	正派	修炼时每次增加修为	10	1	100	100	100	5000	25000	125000	625000	2600000	7800000	16000000	33000000
4	残阳心法	4	1	正派	聚灵阵每次增加灵气	10	2	1	1	100	5000	25000	125000	625000	2600000	7800000	16000000	33000000
5	紫霞心法	5	4	正派	聚灵阵每次增加灵气	10	2	10	10	100	5000	25000	125000	625000	2600000	7800000	16000000	33000000
6	青云心法	2	5	正派	聚灵阵每次增加灵气	10	2	100	100	100	5000	25000	125000	625000	2600000	7800000	16000000	33000000
124	极上心法	3	1	正派	增加自身防御	10	5	5	5	100	5000	25000	125000	625000	2600000	7800000	16000000	33000000
125	虚空心法	1	1	中立	增加自身防御	10	5	6	5	100	5000	25000	125000	625000	2600000	7800000	16000000	33000000
126	湖心心法	1	1	邪派	增加自身防御	10	5	7	5	100	5000	25000	125000	625000	2600000	7800000	16000000	33000000
127	烈山心法	1	1	邪派	增加自身防御	10	5	8	5	100	5000	25000	125000	625000	2600000	7800000	16000000	33000000
128	苍羽心法	1	1	中立	增加自身防御	10	5	5	6	100	5000	25000	125000	625000	2600000	7800000	16000000	33000000
129	逍遥心法	2	1	中立	增加自身防御	10	5	6	6	100	5000	25000	125000	625000	2600000	7800000	16000000	33000000
130	青霞心法	3	1	正派	增加自身防御	10	5	7	7	100	5000	25000	125000	625000	2600000	7800000	16000000	33000000
131	黄泉心法	4	1	邪派	增加自身防御	10	5	8	7	100	5000	25000	125000	625000	2600000	7800000	16000000	33000000
132	天心心法	5	1	中立	增加自身防御	10	5	6	8	100	5000	25000	125000	625000	2600000	7800000	16000000	33000000
133	茅山心法	1	1	正派	增加自身防御	10	5	7	8	100	5000	25000	125000	625000	2600000	7800000	16000000	33000000
134	龙虎心法	2	1	正派	增加自身防御	10	5	8	9	100	5000	25000	125000	625000	2600000	7800000	16000000	33000000
135	斗狂心法	3	1	邪派	增加自身防御	10	5	9	9	100	5000	25000	125000	625000	2600000	7800000	16000000	33000000
136	巨灵心法	4	2	中立	增加自身防御	10	5	15	15	100	5000	25000	125000	625000	2600000	7800000	16000000	33000000
137	聚魔心法	5	2	邪派	增加自身防御	10	5	16	15	100	5000	25000	125000	625000	2600000	7800000	16000000	33000000
138	衔月心法	1	2	中立	增加自身防御	10	5	17	15	100	5000	25000	125000	625000	2600000	7800000	16000000	33000000
139	魁星心法	2	2	正派	增加自身防御	10	5	18	15	100	5000	25000	125000	625000	2600000	7800000	16000000	33000000
140	照阳心法	3	2	正派	增加自身防御	10	5	15	16	100	5000	25000	125000	625000	2600000	7800000	16000000	33000000
141	南紫心法	4	2	中立	增加自身防御	10	5	16	16	100	5000	25000	125000	625000	2600000	7800000	16000000	33000000
142	天海心法	5	2	正派	增加自身防御	10	5	17	17	100	5000	25000	125000	625000	2600000	7800000	16000000	33000000
143	神农心法	1	2	中立	增加自身防御	10	5	18	17	100	5000	25000	125000	625000	2600000	7800000	16000000	33000000
144	血煞心法	2	2	邪派	增加自身防御	10	5	16	18	100	5000	25000	125000	625000	2600000	7800000	16000000	33000000
145	仙侣心法	3	2	中立	增加自身防御	10	5	17	18	100	5000	25000	125000	625000	2600000	7800000	16000000	33000000
146	天华心法	4	3	正派	增加自身防御	10	5	20	20	100	5000	25000	125000	625000	2600000	7800000	16000000	33000000
147	九黎心法	5	3	中立	增加自身防御	10	5	21	20	100	5000	25000	125000	625000	2600000	7800000	16000000	33000000
148	月音心法	1	3	邪派	增加自身防御	10	5	22	20	100	5000	25000	125000	625000	2600000	7800000	16000000	33000000
149	归一心法	2	3	正派	增加自身防御	10	5	23	20	100	5000	25000	125000	625000	2600000	7800000	16000000	33000000
150	五行心法	3	3	正派	增加自身防御	10	5	20	21	100	5000	25000	125000	625000	2600000	7800000	16000000	33000000
151	潜龙心法	4	3	中立	增加自身防御	10	5	21	21	100	5000	25000	125000	625000	2600000	7800000	16000000	33000000
152	神意心法	5	3	正派	增加自身防御	10	5	22	22	100	5000	25000	125000	625000	2600000	7800000	16000000	33000000
153	寒毒心法	1	3	邪派	增加自身防御	10	5	23	22	100	5000	25000	125000	625000	2600000	7800000	16000000	33000000
154	青羽心法	2	3	正派	增加自身防御	10	5	21	23	100	5000	25000	125000	625000	2600000	7800000	16000000	33000000
155	古月心法	3	3	正派	增加自身防御	10	5	22	23	100	5000	25000	125000	625000	2600000	7800000	16000000	33000000
156	斩棘心法	4	3	邪派	增加自身防御	10	5	23	24	100	5000	25000	125000	625000	2600000	7800000	16000000	33000000
157	菩提心法	5	3	正派	增加自身防御	10	5	24	24	100	5000	25000	125000	625000	2600000	7800000	16000000	33000000
158	风清心法	1	3	正派	增加自身防御	10	5	30	30	100	5000	25000	125000	625000	2600000	7800000	16000000	33000000
159	无极心法	2	3	正派	增加自身防御	10	5	31	30	100	5000	25000	125000	625000	2600000	7800000	16000000	33000000
160	天音心法	3	4	中立	增加自身防御	10	5	37	35	100	5000	25000	125000	625000	2600000	7800000	16000000	33000000
161	灵山心法	4	4	中立	增加自身防御	10	5	38	35	100	5000	25000	125000	625000	2600000	7800000	16000000	33000000
162	法华心法	5	4	正派	增加自身防御	10	5	35	36	100	5000	25000	125000	625000	2600000	7800000	16000000	33000000
163	金顶心法	1	4	中立	增加自身防御	10	5	36	36	100	5000	25000	125000	625000	2600000	7800000	16000000	33000000
164	独尊心法	2	4	邪派	增加自身防御	10	5	37	37	100	5000	25000	125000	625000	2600000	7800000	16000000	33000000
165	九煞心法	3	4	邪派	增加自身防御	10	5	38	37	100	5000	25000	125000	625000	2600000	7800000	16000000	33000000
166	伏龙心法	4	4	正派	增加自身防御	10	5	36	38	100	5000	25000	125000	625000	2600000	7800000	16000000	33000000
167	玄音心法	5	4	中立	增加自身防御	10	5	37	38	100	5000	25000	125000	625000	2600000	7800000	16000000	33000000
168	落日心法	1	4	邪派	增加自身防御	10	5	40	40	100	5000	25000	125000	625000	2600000	7800000	16000000	33000000
169	生死心法	2	4	邪派	增加自身防御	10	5	41	40	100	5000	25000	125000	625000	2600000	7800000	16000000	33000000
170	隐神心法	3	4	中立	增加自身防御	10	5	42	40	100	5000	25000	125000	625000	2600000	7800000	16000000	33000000
171	合欢心法	4	5	邪派	增加自身防御	10	5	48	45	100	5000	25000	125000	625000	2600000	7800000	16000000	33000000
172	碧云心法	5	5	中立	增加自身防御	10	5	45	46	100	5000	25000	125000	625000	2600000	7800000	16000000	33000000
173	焚香心法	1	5	邪派	增加自身防御	10	5	46	46	100	5000	25000	125000	625000	2600000	7800000	16000000	33000000
174	灵寂心法	2	5	中立	增加自身防御	10	5	47	47	100	5000	25000	125000	625000	2600000	7800000	16000000	33000000
175	无心心法	3	5	中立	增加自身防御	10	5	48	47	100	5000	25000	125000	625000	2600000	7800000	16000000	33000000
176	无为心法	4	5	中立	增加自身防御	10	5	46	48	100	5000	25000	125000	625000	2600000	7800000	16000000	33000000
177	上清心法	5	5	正派	增加自身防御	10	5	47	48	100	5000	25000	125000	625000	2600000	7800000	16000000	33000000
178	天师心法	1	5	正派	增加自身防御	10	5	48	49	100	5000	25000	125000	625000	2600000	7800000	16000000	33000000
179	恶魔心法	2	6	邪派	增加自身防御	10	5	54	54	100	5000	25000	125000	625000	2600000	7800000	16000000	33000000
180	死亡心法	2	6	邪派	增加自身防御	10	5	60	60	100	5000	25000	125000	625000	2600000	7800000	16000000	33000000
181	凌云心法	2	6	正派	增加自身防御	10	5	61	60	100	5000	25000	125000	625000	2600000	7800000	16000000	33000000
182	云霄心法	2	6	正派	增加自身防御	10	5	67	65	100	5000	25000	125000	625000	2600000	7800000	16000000	33000000
183	华音心法	2	6	正派	增加自身防御	10	5	68	65	100	5000	25000	125000	625000	2600000	7800000	16000000	33000000
184	天魔心法	3	6	邪派	增加自身防御	10	5	65	66	100	5000	25000	125000	625000	2600000	7800000	16000000	33000000
185	玄灵心法	3	7	正派	增加自身防御	10	5	71	71	100	5000	25000	125000	625000	2600000	7800000	16000000	33000000
186	浩天心法	3	7	正派	增加自身防御	10	5	72	72	100	5000	25000	125000	625000	2600000	7800000	16000000	33000000
187	紫门心法	3	7	正派	增加自身防御	10	5	73	72	100	5000	25000	125000	625000	2600000	7800000	16000000	33000000
188	碧凌心法	3	7	中立	增加自身防御	10	5	71	73	100	5000	25000	125000	625000	2600000	7800000	16000000	33000000
189	魔泯心法	4	7	邪派	增加自身防御	10	5	72	73	100	5000	25000	125000	625000	2600000	7800000	16000000	33000000
190	碧宵心法	4	7	正派	增加自身防御	10	5	75	75	100	5000	25000	125000	625000	2600000	7800000	16000000	33000000
191	玉女心法	4	7	正派	增加自身防御	10	5	76	75	100	5000	25000	125000	625000	2600000	7800000	16000000	33000000
192	天道心法	4	7	正派	增加自身防御	10	5	77	75	100	5000	25000	125000	625000	2600000	7800000	16000000	33000000
193	天衍心法	4	7	正派	增加自身防御	10	5	83	80	100	5000	25000	125000	625000	2600000	7800000	16000000	33000000
194	百媚心法	5	7	邪派	增加自身防御	10	5	80	81	100	5000	25000	125000	625000	2600000	7800000	16000000	33000000
195	天鉴心法	5	8	正派	增加自身防御	10	5	86	86	100	5000	25000	125000	625000	2600000	7800000	16000000	33000000
196	青云心经	5	8	正派	增加自身防御	10	5	87	87	100	5000	25000	125000	625000	2600000	7800000	16000000	33000000
197	飘渺心法	5	8	正派	增加自身防御	10	5	88	87	100	5000	25000	125000	625000	2600000	7800000	16000000	33000000
198	宵水心法	5	8	邪派	增加自身防御	10	5	86	88	100	5000	25000	125000	625000	2600000	7800000	16000000	33000000
199	赤血心法	3	8	邪派	增加自身防御	10	5	87	88	100	5000	25000	125000	625000	2600000	7800000	16000000	33000000
200	嗜魔心法	3	8	邪派	增加自身防御	10	5	88	89	100	5000	25000	125000	625000	2600000	7800000	16000000	33000000
201	鬼王心法	3	8	邪派	增加自身防御	10	5	94	94	100	5000	25000	125000	625000	2600000	7800000	16000000	33000000
202	紫霄心法	3	8	正派	增加自身防御	10	5	100	100	100	5000	25000	125000	625000	2600000	7800000	16000000	33000000
203	无极心法	3	8	正派	增加自身防御	10	5	101	100	100	5000	25000	125000	625000	2600000	7800000	16000000	33000000
204	魔神心法	1	9	邪派	增加自身防御	10	5	112	110	100	5000	25000	125000	625000	2600000	7800000	16000000	33000000
205	万佛心法	1	9	中立	增加自身防御	10	5	113	110	100	5000	25000	125000	625000	2600000	7800000	16000000	33000000
206	五灵心法	1	9	中立	增加自身防御	10	5	110	111	100	5000	25000	125000	625000	2600000	7800000	16000000	33000000
207	玄天心法	1	9	正派	增加自身防御	10	5	116	116	100	5000	25000	125000	625000	2600000	7800000	16000000	33000000
208	神兽心法	1	9	正派	增加自身防御	10	5	117	117	100	5000	25000	125000	625000	2600000	7800000	16000000	33000000
209	天阳心法	2	9	正派	增加自身防御	10	5	118	117	100	5000	25000	125000	625000	2600000	7800000	16000000	33000000
210	玄武心法	2	9	中立	增加自身防御	10	5	116	118	100	5000	25000	125000	625000	2600000	7800000	16000000	33000000
211	蜀山心法	2	9	正派	增加自身防御	10	5	117	118	100	5000	25000	125000	625000	2600000	7800000	16000000	33000000
212	极上诀	2	1	正派	增加自身攻击	10	4	5	5	100	5000	25000	125000	625000	2600000	7800000	16000000	33000000
213	虚空诀	2	1	中立	增加自身攻击	10	4	6	5	100	5000	25000	125000	625000	2600000	7800000	16000000	33000000
214	湖心诀	3	1	邪派	增加自身攻击	10	4	7	5	100	5000	25000	125000	625000	2600000	7800000	16000000	33000000
215	烈山诀	3	1	邪派	增加自身攻击	10	4	8	5	100	5000	25000	125000	625000	2600000	7800000	16000000	33000000
216	苍羽诀	3	1	中立	增加自身攻击	10	4	5	6	100	5000	25000	125000	625000	2600000	7800000	16000000	33000000
217	逍遥诀	3	1	中立	增加自身攻击	10	4	6	6	100	5000	25000	125000	625000	2600000	7800000	16000000	33000000
218	青霞诀	3	1	正派	增加自身攻击	10	4	7	7	100	5000	25000	125000	625000	2600000	7800000	16000000	33000000
219	黄泉诀	3	1	邪派	增加自身攻击	10	4	8	7	100	5000	25000	125000	625000	2600000	7800000	16000000	33000000
220	天心诀	3	1	中立	增加自身攻击	10	4	6	8	100	5000	25000	125000	625000	2600000	7800000	16000000	33000000
221	茅山诀	3	1	正派	增加自身攻击	10	4	7	8	100	5000	25000	125000	625000	2600000	7800000	16000000	33000000
222	龙虎诀	3	1	正派	增加自身攻击	10	4	8	9	100	5000	25000	125000	625000	2600000	7800000	16000000	33000000
223	斗狂诀	3	1	邪派	增加自身攻击	10	4	9	9	100	5000	25000	125000	625000	2600000	7800000	16000000	33000000
224	巨灵诀	4	2	中立	增加自身攻击	10	4	15	15	100	5000	25000	125000	625000	2600000	7800000	16000000	33000000
225	聚魔诀	4	2	邪派	增加自身攻击	10	4	16	15	100	5000	25000	125000	625000	2600000	7800000	16000000	33000000
226	衔月诀	4	2	中立	增加自身攻击	10	4	17	15	100	5000	25000	125000	625000	2600000	7800000	16000000	33000000
227	魁星诀	4	2	正派	增加自身攻击	10	4	18	15	100	5000	25000	125000	625000	2600000	7800000	16000000	33000000
228	照阳诀	2	2	正派	增加自身攻击	10	4	15	16	100	5000	25000	125000	625000	2600000	7800000	16000000	33000000
229	南紫诀	2	2	中立	增加自身攻击	10	4	16	16	100	5000	25000	125000	625000	2600000	7800000	16000000	33000000
230	天海诀	2	2	正派	增加自身攻击	10	4	17	17	100	5000	25000	125000	625000	2600000	7800000	16000000	33000000
231	神农诀	2	2	中立	增加自身攻击	10	4	18	17	100	5000	25000	125000	625000	2600000	7800000	16000000	33000000
232	血煞诀	2	2	邪派	增加自身攻击	10	4	16	18	100	5000	25000	125000	625000	2600000	7800000	16000000	33000000
233	仙侣诀	2	2	中立	增加自身攻击	10	4	17	18	100	5000	25000	125000	625000	2600000	7800000	16000000	33000000
234	天华诀	1	3	正派	增加自身攻击	10	4	20	20	100	5000	25000	125000	625000	2600000	7800000	16000000	33000000
235	九黎诀	2	3	中立	增加自身攻击	10	4	21	20	100	5000	25000	125000	625000	2600000	7800000	16000000	33000000
236	月音诀	3	3	邪派	增加自身攻击	10	4	22	20	100	5000	25000	125000	625000	2600000	7800000	16000000	33000000
237	归一诀	4	3	正派	增加自身攻击	10	4	23	20	100	5000	25000	125000	625000	2600000	7800000	16000000	33000000
238	五行诀	5	3	正派	增加自身攻击	10	4	20	21	100	5000	25000	125000	625000	2600000	7800000	16000000	33000000
239	潜龙诀	1	3	中立	增加自身攻击	10	4	21	21	100	5000	25000	125000	625000	2600000	7800000	16000000	33000000
240	神意诀	2	3	正派	增加自身攻击	10	4	22	22	100	5000	25000	125000	625000	2600000	7800000	16000000	33000000
241	寒毒诀	3	3	邪派	增加自身攻击	10	4	23	22	100	5000	25000	125000	625000	2600000	7800000	16000000	33000000
242	青羽诀	4	3	正派	增加自身攻击	10	4	21	23	100	5000	25000	125000	625000	2600000	7800000	16000000	33000000
243	古月诀	5	3	正派	增加自身攻击	10	4	22	23	100	5000	25000	125000	625000	2600000	7800000	16000000	33000000
244	斩棘诀	1	3	邪派	增加自身攻击	10	4	23	24	100	5000	25000	125000	625000	2600000	7800000	16000000	33000000
245	菩提诀	2	3	正派	增加自身攻击	10	4	24	24	100	5000	25000	125000	625000	2600000	7800000	16000000	33000000
246	风清诀	3	3	正派	增加自身攻击	10	4	30	30	100	5000	25000	125000	625000	2600000	7800000	16000000	33000000
247	无极诀	4	3	正派	增加自身攻击	10	4	31	30	100	5000	25000	125000	625000	2600000	7800000	16000000	33000000
248	天音诀	5	4	中立	增加自身攻击	10	4	37	35	100	5000	25000	125000	625000	2600000	7800000	16000000	33000000
249	灵山诀	1	4	中立	增加自身攻击	10	4	38	35	100	5000	25000	125000	625000	2600000	7800000	16000000	33000000
250	法华诀	2	4	正派	增加自身攻击	10	4	35	36	100	5000	25000	125000	625000	2600000	7800000	16000000	33000000
251	金顶诀	3	4	中立	增加自身攻击	10	4	36	36	100	5000	25000	125000	625000	2600000	7800000	16000000	33000000
252	独尊诀	4	4	邪派	增加自身攻击	10	4	37	37	100	5000	25000	125000	625000	2600000	7800000	16000000	33000000
253	九煞诀	5	4	邪派	增加自身攻击	10	4	38	37	100	5000	25000	125000	625000	2600000	7800000	16000000	33000000
254	伏龙诀	1	4	正派	增加自身攻击	10	4	36	38	100	5000	25000	125000	625000	2600000	7800000	16000000	33000000
255	玄音诀	2	4	中立	增加自身攻击	10	4	37	38	100	5000	25000	125000	625000	2600000	7800000	16000000	33000000
256	落日诀	3	4	邪派	增加自身攻击	10	4	40	40	100	5000	25000	125000	625000	2600000	7800000	16000000	33000000
257	生死诀	4	4	邪派	增加自身攻击	10	4	41	40	100	5000	25000	125000	625000	2600000	7800000	16000000	33000000
258	隐神诀	5	4	中立	增加自身攻击	10	4	42	40	100	5000	25000	125000	625000	2600000	7800000	16000000	33000000
259	合欢诀	1	5	邪派	增加自身攻击	10	4	48	45	100	5000	25000	125000	625000	2600000	7800000	16000000	33000000
260	碧云诀	2	5	中立	增加自身攻击	10	4	45	46	100	5000	25000	125000	625000	2600000	7800000	16000000	33000000
261	焚香诀	3	5	邪派	增加自身攻击	10	4	46	46	100	5000	25000	125000	625000	2600000	7800000	16000000	33000000
262	灵寂诀	4	5	中立	增加自身攻击	10	4	47	47	100	5000	25000	125000	625000	2600000	7800000	16000000	33000000
263	无心诀	5	5	中立	增加自身攻击	10	4	48	47	100	5000	25000	125000	625000	2600000	7800000	16000000	33000000
264	无为诀	1	5	中立	增加自身攻击	10	4	46	48	100	5000	25000	125000	625000	2600000	7800000	16000000	33000000
265	上清诀	2	5	正派	增加自身攻击	10	4	47	48	100	5000	25000	125000	625000	2600000	7800000	16000000	33000000
266	天师诀	3	5	正派	增加自身攻击	10	4	48	49	100	5000	25000	125000	625000	2600000	7800000	16000000	33000000
267	恶魔诀	4	6	邪派	增加自身攻击	10	4	54	54	100	5000	25000	125000	625000	2600000	7800000	16000000	33000000
268	死亡诀	5	6	邪派	增加自身攻击	10	4	60	60	100	5000	25000	125000	625000	2600000	7800000	16000000	33000000
269	凌云诀	1	6	正派	增加自身攻击	10	4	61	60	100	5000	25000	125000	625000	2600000	7800000	16000000	33000000
270	云霄诀	2	6	正派	增加自身攻击	10	4	67	65	100	5000	25000	125000	625000	2600000	7800000	16000000	33000000
271	华音诀	3	6	正派	增加自身攻击	10	4	68	65	100	5000	25000	125000	625000	2600000	7800000	16000000	33000000
272	天魔诀	4	6	邪派	增加自身攻击	10	4	65	66	100	5000	25000	125000	625000	2600000	7800000	16000000	33000000
273	玄灵诀	5	7	正派	增加自身攻击	10	4	71	71	100	5000	25000	125000	625000	2600000	7800000	16000000	33000000
274	浩天诀	1	7	正派	增加自身攻击	10	4	72	72	100	5000	25000	125000	625000	2600000	7800000	16000000	33000000
275	紫门诀	2	7	正派	增加自身攻击	10	4	73	72	100	5000	25000	125000	625000	2600000	7800000	16000000	33000000
276	碧凌诀	3	7	中立	增加自身攻击	10	4	71	73	100	5000	25000	125000	625000	2600000	7800000	16000000	33000000
277	魔泯诀	4	7	邪派	增加自身攻击	10	4	72	73	100	5000	25000	125000	625000	2600000	7800000	16000000	33000000
278	碧宵诀	5	7	正派	增加自身攻击	10	4	75	75	100	5000	25000	125000	625000	2600000	7800000	16000000	33000000
279	玉女诀	1	7	正派	增加自身攻击	10	4	76	75	100	5000	25000	125000	625000	2600000	7800000	16000000	33000000
280	天道诀	2	7	正派	增加自身攻击	10	4	77	75	100	5000	25000	125000	625000	2600000	7800000	16000000	33000000
281	天衍诀	3	7	正派	增加自身攻击	10	4	83	80	100	5000	25000	125000	625000	2600000	7800000	16000000	33000000
282	百媚诀	4	7	邪派	增加自身攻击	10	4	80	81	100	5000	25000	125000	625000	2600000	7800000	16000000	33000000
283	天鉴诀	5	8	正派	增加自身攻击	10	4	86	86	100	5000	25000	125000	625000	2600000	7800000	16000000	33000000
284	青云秘诀	1	8	正派	增加自身攻击	10	4	87	87	100	5000	25000	125000	625000	2600000	7800000	16000000	33000000
285	飘渺诀	2	8	正派	增加自身攻击	10	4	88	87	100	5000	25000	125000	625000	2600000	7800000	16000000	33000000
286	宵水诀	3	8	邪派	增加自身攻击	10	4	86	88	100	5000	25000	125000	625000	2600000	7800000	16000000	33000000
287	赤血诀	4	8	邪派	增加自身攻击	10	4	87	88	100	5000	25000	125000	625000	2600000	7800000	16000000	33000000
288	嗜魔诀	5	8	邪派	增加自身攻击	10	4	88	89	100	5000	25000	125000	625000	2600000	7800000	16000000	33000000
289	鬼王诀	1	8	邪派	增加自身攻击	10	4	94	94	100	5000	25000	125000	625000	2600000	7800000	16000000	33000000
290	紫霄诀	2	8	正派	增加自身攻击	10	4	100	100	100	5000	25000	125000	625000	2600000	7800000	16000000	33000000
291	无极诀	3	8	正派	增加自身攻击	10	4	101	100	100	5000	25000	125000	625000	2600000	7800000	16000000	33000000
292	魔神诀	4	9	邪派	增加自身攻击	10	4	112	110	100	5000	25000	125000	625000	2600000	7800000	16000000	33000000
293	万佛诀	5	9	中立	增加自身攻击	10	4	113	110	100	5000	25000	125000	625000	2600000	7800000	16000000	33000000
294	五灵诀	1	9	中立	增加自身攻击	10	4	110	111	100	5000	25000	125000	625000	2600000	7800000	16000000	33000000
295	玄天诀	2	9	正派	增加自身攻击	10	4	116	116	100	5000	25000	125000	625000	2600000	7800000	16000000	33000000
296	神兽诀	3	9	正派	增加自身攻击	10	4	117	117	100	5000	25000	125000	625000	2600000	7800000	16000000	33000000
297	天阳诀	4	9	正派	增加自身攻击	10	4	118	117	100	5000	25000	125000	625000	2600000	7800000	16000000	33000000
298	玄武诀	5	9	中立	增加自身攻击	10	4	116	118	100	5000	25000	125000	625000	2600000	7800000	16000000	33000000
299	蜀山诀	1	9	正派	增加自身攻击	10	4	117	118	100	5000	25000	125000	625000	2600000	7800000	16000000	33000000
300	极上遁术	2	1	正派	增加自身速度	10	3	5	5	100	5000	25000	125000	625000	2600000	7800000	16000000	33000000
301	虚空遁术	3	1	中立	增加自身速度	10	3	6	5	100	5000	25000	125000	625000	2600000	7800000	16000000	33000000
302	湖心遁术	4	1	邪派	增加自身速度	10	3	7	5	100	5000	25000	125000	625000	2600000	7800000	16000000	33000000
303	烈山遁术	5	1	邪派	增加自身速度	10	3	8	5	100	5000	25000	125000	625000	2600000	7800000	16000000	33000000
304	苍羽遁术	1	1	中立	增加自身速度	10	3	5	6	100	5000	25000	125000	625000	2600000	7800000	16000000	33000000
305	逍遥遁术	2	1	中立	增加自身速度	10	3	6	6	100	5000	25000	125000	625000	2600000	7800000	16000000	33000000
306	青霞遁术	3	1	正派	增加自身速度	10	3	7	7	100	5000	25000	125000	625000	2600000	7800000	16000000	33000000
307	黄泉遁术	4	1	邪派	增加自身速度	10	3	8	7	100	5000	25000	125000	625000	2600000	7800000	16000000	33000000
308	天心遁术	5	1	中立	增加自身速度	10	3	6	8	100	5000	25000	125000	625000	2600000	7800000	16000000	33000000
309	茅山遁术	1	1	正派	增加自身速度	10	3	7	8	100	5000	25000	125000	625000	2600000	7800000	16000000	33000000
310	龙虎遁术	2	1	正派	增加自身速度	10	3	8	9	100	5000	25000	125000	625000	2600000	7800000	16000000	33000000
311	斗狂遁术	3	1	邪派	增加自身速度	10	3	9	9	100	5000	25000	125000	625000	2600000	7800000	16000000	33000000
312	巨灵遁术	4	2	中立	增加自身速度	10	3	15	15	100	5000	25000	125000	625000	2600000	7800000	16000000	33000000
313	聚魔遁术	5	2	邪派	增加自身速度	10	3	16	15	100	5000	25000	125000	625000	2600000	7800000	16000000	33000000
314	衔月遁术	1	2	中立	增加自身速度	10	3	17	15	100	5000	25000	125000	625000	2600000	7800000	16000000	33000000
315	魁星遁术	2	2	正派	增加自身速度	10	3	18	15	100	5000	25000	125000	625000	2600000	7800000	16000000	33000000
316	照阳遁术	3	2	正派	增加自身速度	10	3	15	16	100	5000	25000	125000	625000	2600000	7800000	16000000	33000000
317	南紫遁术	4	2	中立	增加自身速度	10	3	16	16	100	5000	25000	125000	625000	2600000	7800000	16000000	33000000
318	天海遁术	5	2	正派	增加自身速度	10	3	17	17	100	5000	25000	125000	625000	2600000	7800000	16000000	33000000
319	神农遁术	1	2	中立	增加自身速度	10	3	18	17	100	5000	25000	125000	625000	2600000	7800000	16000000	33000000
320	血煞遁术	2	2	邪派	增加自身速度	10	3	16	18	100	5000	25000	125000	625000	2600000	7800000	16000000	33000000
321	仙侣遁术	3	2	中立	增加自身速度	10	3	17	18	100	5000	25000	125000	625000	2600000	7800000	16000000	33000000
322	天华遁术	4	3	正派	增加自身速度	10	3	20	20	100	5000	25000	125000	625000	2600000	7800000	16000000	33000000
323	九黎遁术	5	3	中立	增加自身速度	10	3	21	20	100	5000	25000	125000	625000	2600000	7800000	16000000	33000000
324	月音遁术	1	3	邪派	增加自身速度	10	3	22	20	100	5000	25000	125000	625000	2600000	7800000	16000000	33000000
325	归一遁术	2	3	正派	增加自身速度	10	3	23	20	100	5000	25000	125000	625000	2600000	7800000	16000000	33000000
326	五行遁术	3	3	正派	增加自身速度	10	3	20	21	100	5000	25000	125000	625000	2600000	7800000	16000000	33000000
327	潜龙遁术	4	3	中立	增加自身速度	10	3	21	21	100	5000	25000	125000	625000	2600000	7800000	16000000	33000000
328	神意遁术	5	3	正派	增加自身速度	10	3	22	22	100	5000	25000	125000	625000	2600000	7800000	16000000	33000000
329	寒毒遁术	1	3	邪派	增加自身速度	10	3	23	22	100	5000	25000	125000	625000	2600000	7800000	16000000	33000000
330	青羽遁术	2	3	正派	增加自身速度	10	3	21	23	100	5000	25000	125000	625000	2600000	7800000	16000000	33000000
331	古月遁术	3	3	正派	增加自身速度	10	3	22	23	100	5000	25000	125000	625000	2600000	7800000	16000000	33000000
332	斩棘遁术	4	3	邪派	增加自身速度	10	3	23	24	100	5000	25000	125000	625000	2600000	7800000	16000000	33000000
333	菩提遁术	5	3	正派	增加自身速度	10	3	24	24	100	5000	25000	125000	625000	2600000	7800000	16000000	33000000
334	风清遁术	1	3	正派	增加自身速度	10	3	30	30	100	5000	25000	125000	625000	2600000	7800000	16000000	33000000
335	无极遁术	2	3	正派	增加自身速度	10	3	31	30	100	5000	25000	125000	625000	2600000	7800000	16000000	33000000
336	天音遁术	3	4	中立	增加自身速度	10	3	37	35	100	5000	25000	125000	625000	2600000	7800000	16000000	33000000
337	灵山遁术	4	4	中立	增加自身速度	10	3	38	35	100	5000	25000	125000	625000	2600000	7800000	16000000	33000000
338	法华遁术	5	4	正派	增加自身速度	10	3	35	36	100	5000	25000	125000	625000	2600000	7800000	16000000	33000000
339	金顶遁术	1	4	中立	增加自身速度	10	3	36	36	100	5000	25000	125000	625000	2600000	7800000	16000000	33000000
340	独尊遁术	2	4	邪派	增加自身速度	10	3	37	37	100	5000	25000	125000	625000	2600000	7800000	16000000	33000000
341	九煞遁术	3	4	邪派	增加自身速度	10	3	38	37	100	5000	25000	125000	625000	2600000	7800000	16000000	33000000
342	伏龙遁术	4	4	正派	增加自身速度	10	3	36	38	100	5000	25000	125000	625000	2600000	7800000	16000000	33000000
343	玄音遁术	5	4	中立	增加自身速度	10	3	37	38	100	5000	25000	125000	625000	2600000	7800000	16000000	33000000
344	落日遁术	1	4	邪派	增加自身速度	10	3	40	40	100	5000	25000	125000	625000	2600000	7800000	16000000	33000000
345	生死遁术	2	4	邪派	增加自身速度	10	3	41	40	100	5000	25000	125000	625000	2600000	7800000	16000000	33000000
346	隐神遁术	3	4	中立	增加自身速度	10	3	42	40	100	5000	25000	125000	625000	2600000	7800000	16000000	33000000
347	合欢遁术	4	5	邪派	增加自身速度	10	3	48	45	100	5000	25000	125000	625000	2600000	7800000	16000000	33000000
348	碧云遁术	5	5	中立	增加自身速度	10	3	45	46	100	5000	25000	125000	625000	2600000	7800000	16000000	33000000
349	焚香遁术	1	5	邪派	增加自身速度	10	3	46	46	100	5000	25000	125000	625000	2600000	7800000	16000000	33000000
350	灵寂遁术	2	5	中立	增加自身速度	10	3	47	47	100	5000	25000	125000	625000	2600000	7800000	16000000	33000000
351	无心遁术	3	5	中立	增加自身速度	10	3	48	47	100	5000	25000	125000	625000	2600000	7800000	16000000	33000000
352	无为遁术	4	5	中立	增加自身速度	10	3	46	48	100	5000	25000	125000	625000	2600000	7800000	16000000	33000000
353	上清遁术	5	5	正派	增加自身速度	10	3	47	48	100	5000	25000	125000	625000	2600000	7800000	16000000	33000000
354	天师遁术	1	5	正派	增加自身速度	10	3	48	49	100	5000	25000	125000	625000	2600000	7800000	16000000	33000000
355	恶魔遁术	2	6	邪派	增加自身速度	10	3	54	54	100	5000	25000	125000	625000	2600000	7800000	16000000	33000000
356	死亡遁术	3	6	邪派	增加自身速度	10	3	60	60	100	5000	25000	125000	625000	2600000	7800000	16000000	33000000
357	凌云遁术	4	6	正派	增加自身速度	10	3	61	60	100	5000	25000	125000	625000	2600000	7800000	16000000	33000000
358	云霄遁术	5	6	正派	增加自身速度	10	3	67	65	100	5000	25000	125000	625000	2600000	7800000	16000000	33000000
359	华音遁术	1	6	正派	增加自身速度	10	3	68	65	100	5000	25000	125000	625000	2600000	7800000	16000000	33000000
360	天魔遁术	2	6	邪派	增加自身速度	10	3	65	66	100	5000	25000	125000	625000	2600000	7800000	16000000	33000000
361	玄灵遁术	3	7	正派	增加自身速度	10	3	71	71	100	5000	25000	125000	625000	2600000	7800000	16000000	33000000
362	浩天遁术	4	7	正派	增加自身速度	10	3	72	72	100	5000	25000	125000	625000	2600000	7800000	16000000	33000000
363	紫门遁术	5	7	正派	增加自身速度	10	3	73	72	100	5000	25000	125000	625000	2600000	7800000	16000000	33000000
364	碧凌遁术	1	7	中立	增加自身速度	10	3	71	73	100	5000	25000	125000	625000	2600000	7800000	16000000	33000000
365	魔泯遁术	2	7	邪派	增加自身速度	10	3	72	73	100	5000	25000	125000	625000	2600000	7800000	16000000	33000000
366	碧宵遁术	3	7	正派	增加自身速度	10	3	75	75	100	5000	25000	125000	625000	2600000	7800000	16000000	33000000
367	玉女遁术	4	7	正派	增加自身速度	10	3	76	75	100	5000	25000	125000	625000	2600000	7800000	16000000	33000000
368	天道遁术	5	7	正派	增加自身速度	10	3	77	75	100	5000	25000	125000	625000	2600000	7800000	16000000	33000000
369	天衍遁术	1	7	正派	增加自身速度	10	3	83	80	100	5000	25000	125000	625000	2600000	7800000	16000000	33000000
370	百媚遁术	2	7	邪派	增加自身速度	10	3	80	81	100	5000	25000	125000	625000	2600000	7800000	16000000	33000000
371	天鉴遁术	3	8	正派	增加自身速度	10	3	86	86	100	5000	25000	125000	625000	2600000	7800000	16000000	33000000
372	青云遁术	4	8	正派	增加自身速度	10	3	87	87	100	5000	25000	125000	625000	2600000	7800000	16000000	33000000
373	飘渺遁术	5	8	正派	增加自身速度	10	3	88	87	100	5000	25000	125000	625000	2600000	7800000	16000000	33000000
374	宵水遁术	1	8	邪派	增加自身速度	10	3	86	88	100	5000	25000	125000	625000	2600000	7800000	16000000	33000000
375	赤血遁术	2	8	邪派	增加自身速度	10	3	87	88	100	5000	25000	125000	625000	2600000	7800000	16000000	33000000
376	嗜魔遁术	3	8	邪派	增加自身速度	10	3	88	89	100	5000	25000	125000	625000	2600000	7800000	16000000	33000000
377	鬼王遁术	4	8	邪派	增加自身速度	10	3	94	94	100	5000	25000	125000	625000	2600000	7800000	16000000	33000000
378	紫霄遁术	5	8	正派	增加自身速度	10	3	100	100	100	5000	25000	125000	625000	2600000	7800000	16000000	33000000
379	无极遁术	1	8	正派	增加自身速度	10	3	101	100	100	5000	25000	125000	625000	2600000	7800000	16000000	33000000
380	魔神遁术	2	9	邪派	增加自身速度	10	3	112	110	100	5000	25000	125000	625000	2600000	7800000	16000000	33000000
381	万佛遁术	3	9	中立	增加自身速度	10	3	113	110	100	5000	25000	125000	625000	2600000	7800000	16000000	33000000
382	五灵遁术	4	9	中立	增加自身速度	10	3	110	111	100	5000	25000	125000	625000	2600000	7800000	16000000	33000000
383	玄天遁术	5	9	正派	增加自身速度	10	3	116	116	100	5000	25000	125000	625000	2600000	7800000	16000000	33000000
384	神兽遁术	1	9	正派	增加自身速度	10	3	117	117	100	5000	25000	125000	625000	2600000	7800000	16000000	33000000
385	天阳遁术	2	9	正派	增加自身速度	10	3	118	117	100	5000	25000	125000	625000	2600000	7800000	16000000	33000000
386	玄武遁术	3	9	中立	增加自身速度	10	3	116	118	100	5000	25000	125000	625000	2600000	7800000	16000000	33000000
387	蜀山遁术	4	9	正派	增加自身速度	10	3	117	118	100	5000	25000	125000	625000	2600000	7800000	16000000	33000000
388	极上身法	5	1	正派	增加自身闪避	10	10	5	5	100	5000	25000	125000	625000	2600000	7800000	16000000	33000000
389	虚空身法	1	1	中立	增加自身闪避	10	10	6	5	100	5000	25000	125000	625000	2600000	7800000	16000000	33000000
390	湖心身法	2	1	邪派	增加自身闪避	10	10	7	5	100	5000	25000	125000	625000	2600000	7800000	16000000	33000000
391	烈山身法	3	1	邪派	增加自身闪避	10	10	8	5	100	5000	25000	125000	625000	2600000	7800000	16000000	33000000
392	苍羽身法	4	1	中立	增加自身闪避	10	10	5	6	100	5000	25000	125000	625000	2600000	7800000	16000000	33000000
393	逍遥身法	5	1	中立	增加自身闪避	10	10	6	6	100	5000	25000	125000	625000	2600000	7800000	16000000	33000000
394	青霞身法	1	1	正派	增加自身闪避	10	10	7	7	100	5000	25000	125000	625000	2600000	7800000	16000000	33000000
395	黄泉身法	2	1	邪派	增加自身闪避	10	10	8	7	100	5000	25000	125000	625000	2600000	7800000	16000000	33000000
396	天心身法	3	1	中立	增加自身闪避	10	10	6	8	100	5000	25000	125000	625000	2600000	7800000	16000000	33000000
397	茅山身法	4	1	正派	增加自身闪避	10	10	7	8	100	5000	25000	125000	625000	2600000	7800000	16000000	33000000
398	龙虎身法	5	1	正派	增加自身闪避	10	10	8	9	100	5000	25000	125000	625000	2600000	7800000	16000000	33000000
399	斗狂身法	1	1	邪派	增加自身闪避	10	10	9	9	100	5000	25000	125000	625000	2600000	7800000	16000000	33000000
400	巨灵身法	2	2	中立	增加自身闪避	10	10	15	15	100	5000	25000	125000	625000	2600000	7800000	16000000	33000000
401	聚魔身法	3	2	邪派	增加自身闪避	10	10	16	15	100	5000	25000	125000	625000	2600000	7800000	16000000	33000000
402	衔月身法	4	2	中立	增加自身闪避	10	10	17	15	100	5000	25000	125000	625000	2600000	7800000	16000000	33000000
403	魁星身法	5	2	正派	增加自身闪避	10	10	18	15	100	5000	25000	125000	625000	2600000	7800000	16000000	33000000
404	照阳身法	1	2	正派	增加自身闪避	10	10	15	16	100	5000	25000	125000	625000	2600000	7800000	16000000	33000000
405	南紫身法	2	2	中立	增加自身闪避	10	10	16	16	100	5000	25000	125000	625000	2600000	7800000	16000000	33000000
406	天海身法	3	2	正派	增加自身闪避	10	10	17	17	100	5000	25000	125000	625000	2600000	7800000	16000000	33000000
407	神农身法	4	2	中立	增加自身闪避	10	10	18	17	100	5000	25000	125000	625000	2600000	7800000	16000000	33000000
408	血煞身法	5	2	邪派	增加自身闪避	10	10	16	18	100	5000	25000	125000	625000	2600000	7800000	16000000	33000000
409	仙侣身法	1	2	中立	增加自身闪避	10	10	17	18	100	5000	25000	125000	625000	2600000	7800000	16000000	33000000
410	天华身法	2	3	正派	增加自身闪避	10	10	20	20	100	5000	25000	125000	625000	2600000	7800000	16000000	33000000
411	九黎身法	3	3	中立	增加自身闪避	10	10	21	20	100	5000	25000	125000	625000	2600000	7800000	16000000	33000000
412	月音身法	4	3	邪派	增加自身闪避	10	10	22	20	100	5000	25000	125000	625000	2600000	7800000	16000000	33000000
413	归一身法	5	3	正派	增加自身闪避	10	10	23	20	100	5000	25000	125000	625000	2600000	7800000	16000000	33000000
414	五行身法	1	3	正派	增加自身闪避	10	10	20	21	100	5000	25000	125000	625000	2600000	7800000	16000000	33000000
415	潜龙身法	2	3	中立	增加自身闪避	10	10	21	21	100	5000	25000	125000	625000	2600000	7800000	16000000	33000000
416	神意身法	3	3	正派	增加自身闪避	10	10	22	22	100	5000	25000	125000	625000	2600000	7800000	16000000	33000000
417	寒毒身法	4	3	邪派	增加自身闪避	10	10	23	22	100	5000	25000	125000	625000	2600000	7800000	16000000	33000000
418	青羽身法	5	3	正派	增加自身闪避	10	10	21	23	100	5000	25000	125000	625000	2600000	7800000	16000000	33000000
419	古月身法	1	3	正派	增加自身闪避	10	10	22	23	100	5000	25000	125000	625000	2600000	7800000	16000000	33000000
420	斩棘身法	2	3	邪派	增加自身闪避	10	10	23	24	100	5000	25000	125000	625000	2600000	7800000	16000000	33000000
421	菩提身法	3	3	正派	增加自身闪避	10	10	24	24	100	5000	25000	125000	625000	2600000	7800000	16000000	33000000
422	风清身法	4	3	正派	增加自身闪避	10	10	30	30	100	5000	25000	125000	625000	2600000	7800000	16000000	33000000
423	无极身法	5	3	正派	增加自身闪避	10	10	31	30	100	5000	25000	125000	625000	2600000	7800000	16000000	33000000
424	天音身法	1	4	中立	增加自身闪避	10	10	37	35	100	5000	25000	125000	625000	2600000	7800000	16000000	33000000
425	灵山身法	2	4	中立	增加自身闪避	10	10	38	35	100	5000	25000	125000	625000	2600000	7800000	16000000	33000000
426	法华身法	3	4	正派	增加自身闪避	10	10	35	36	100	5000	25000	125000	625000	2600000	7800000	16000000	33000000
427	金顶身法	4	4	中立	增加自身闪避	10	10	36	36	100	5000	25000	125000	625000	2600000	7800000	16000000	33000000
428	独尊身法	5	4	邪派	增加自身闪避	10	10	37	37	100	5000	25000	125000	625000	2600000	7800000	16000000	33000000
429	九煞身法	1	4	邪派	增加自身闪避	10	10	38	37	100	5000	25000	125000	625000	2600000	7800000	16000000	33000000
430	伏龙身法	2	4	正派	增加自身闪避	10	10	36	38	100	5000	25000	125000	625000	2600000	7800000	16000000	33000000
431	玄音身法	3	4	中立	增加自身闪避	10	10	37	38	100	5000	25000	125000	625000	2600000	7800000	16000000	33000000
432	落日身法	4	4	邪派	增加自身闪避	10	10	40	40	100	5000	25000	125000	625000	2600000	7800000	16000000	33000000
433	生死身法	5	4	邪派	增加自身闪避	10	10	41	40	100	5000	25000	125000	625000	2600000	7800000	16000000	33000000
434	隐神身法	1	4	中立	增加自身闪避	10	10	42	40	100	5000	25000	125000	625000	2600000	7800000	16000000	33000000
435	合欢身法	2	5	邪派	增加自身闪避	10	10	48	45	100	5000	25000	125000	625000	2600000	7800000	16000000	33000000
436	碧云身法	3	5	中立	增加自身闪避	10	10	45	46	100	5000	25000	125000	625000	2600000	7800000	16000000	33000000
437	焚香身法	4	5	邪派	增加自身闪避	10	10	46	46	100	5000	25000	125000	625000	2600000	7800000	16000000	33000000
438	灵寂身法	5	5	中立	增加自身闪避	10	10	47	47	100	5000	25000	125000	625000	2600000	7800000	16000000	33000000
439	无心身法	1	5	中立	增加自身闪避	10	10	48	47	100	5000	25000	125000	625000	2600000	7800000	16000000	33000000
440	无为身法	2	5	中立	增加自身闪避	10	10	46	48	100	5000	25000	125000	625000	2600000	7800000	16000000	33000000
441	上清身法	3	5	正派	增加自身闪避	10	10	47	48	100	5000	25000	125000	625000	2600000	7800000	16000000	33000000
442	天师身法	4	5	正派	增加自身闪避	10	10	48	49	100	5000	25000	125000	625000	2600000	7800000	16000000	33000000
443	恶魔身法	5	6	邪派	增加自身闪避	10	10	54	54	100	5000	25000	125000	625000	2600000	7800000	16000000	33000000
444	死亡身法	1	6	邪派	增加自身闪避	10	10	60	60	100	5000	25000	125000	625000	2600000	7800000	16000000	33000000
445	凌云身法	2	6	正派	增加自身闪避	10	10	61	60	100	5000	25000	125000	625000	2600000	7800000	16000000	33000000
446	云霄身法	3	6	正派	增加自身闪避	10	10	67	65	100	5000	25000	125000	625000	2600000	7800000	16000000	33000000
447	华音身法	4	6	正派	增加自身闪避	10	10	68	65	100	5000	25000	125000	625000	2600000	7800000	16000000	33000000
448	天魔身法	5	6	邪派	增加自身闪避	10	10	65	66	100	5000	25000	125000	625000	2600000	7800000	16000000	33000000
449	玄灵身法	1	7	正派	增加自身闪避	10	10	71	71	100	5000	25000	125000	625000	2600000	7800000	16000000	33000000
450	浩天身法	2	7	正派	增加自身闪避	10	10	72	72	100	5000	25000	125000	625000	2600000	7800000	16000000	33000000
451	紫门身法	3	7	正派	增加自身闪避	10	10	73	72	100	5000	25000	125000	625000	2600000	7800000	16000000	33000000
452	碧凌身法	4	7	中立	增加自身闪避	10	10	71	73	100	5000	25000	125000	625000	2600000	7800000	16000000	33000000
453	魔泯身法	5	7	邪派	增加自身闪避	10	10	72	73	100	5000	25000	125000	625000	2600000	7800000	16000000	33000000
454	碧宵身法	1	7	正派	增加自身闪避	10	10	75	75	100	5000	25000	125000	625000	2600000	7800000	16000000	33000000
455	玉女身法	2	7	正派	增加自身闪避	10	10	76	75	100	5000	25000	125000	625000	2600000	7800000	16000000	33000000
456	天道身法	3	7	正派	增加自身闪避	10	10	77	75	100	5000	25000	125000	625000	2600000	7800000	16000000	33000000
457	天衍身法	4	7	正派	增加自身闪避	10	10	83	80	100	5000	25000	125000	625000	2600000	7800000	16000000	33000000
458	百媚身法	5	7	邪派	增加自身闪避	10	10	80	81	100	5000	25000	125000	625000	2600000	7800000	16000000	33000000
459	天鉴身法	1	8	正派	增加自身闪避	10	10	86	86	100	5000	25000	125000	625000	2600000	7800000	16000000	33000000
460	青云身法	2	8	正派	增加自身闪避	10	10	87	87	100	5000	25000	125000	625000	2600000	7800000	16000000	33000000
461	飘渺身法	3	8	正派	增加自身闪避	10	10	88	87	100	5000	25000	125000	625000	2600000	7800000	16000000	33000000
462	宵水身法	4	8	邪派	增加自身闪避	10	10	86	88	100	5000	25000	125000	625000	2600000	7800000	16000000	33000000
463	赤血身法	5	8	邪派	增加自身闪避	10	10	87	88	100	5000	25000	125000	625000	2600000	7800000	16000000	33000000
464	嗜魔身法	1	8	邪派	增加自身闪避	10	10	88	89	100	5000	25000	125000	625000	2600000	7800000	16000000	33000000
465	鬼王身法	2	8	邪派	增加自身闪避	10	10	94	94	100	5000	25000	125000	625000	2600000	7800000	16000000	33000000
466	紫霄身法	3	8	正派	增加自身闪避	10	10	100	100	100	5000	25000	125000	625000	2600000	7800000	16000000	33000000
467	无极身法	4	8	正派	增加自身闪避	10	10	101	100	100	5000	25000	125000	625000	2600000	7800000	16000000	33000000
468	魔神身法	5	9	邪派	增加自身闪避	10	10	112	110	100	5000	25000	125000	625000	2600000	7800000	16000000	33000000
469	万佛身法	1	9	中立	增加自身闪避	10	10	113	110	100	5000	25000	125000	625000	2600000	7800000	16000000	33000000
470	五灵身法	2	9	中立	增加自身闪避	10	10	110	111	100	5000	25000	125000	625000	2600000	7800000	16000000	33000000
471	玄天身法	3	9	正派	增加自身闪避	10	10	116	116	100	5000	25000	125000	625000	2600000	7800000	16000000	33000000
472	神兽身法	4	9	正派	增加自身闪避	10	10	117	117	100	5000	25000	125000	625000	2600000	7800000	16000000	33000000
473	天阳身法	5	9	正派	增加自身闪避	10	10	118	117	100	5000	25000	125000	625000	2600000	7800000	16000000	33000000
474	玄武身法	1	9	中立	增加自身闪避	10	10	116	118	100	5000	25000	125000	625000	2600000	7800000	16000000	33000000
475	蜀山身法	2	9	正派	增加自身闪避	10	10	117	118	100	5000	25000	125000	625000	2600000	7800000	16000000	33000000
476	极上真经	3	2	正派	增加渡劫雷抗	10	12	5	5	100	5000	25000	125000	625000	2600000	7800000	16000000	33000000
477	虚空真经	4	2	中立	增加渡劫雷抗	10	12	6	5	100	5000	25000	125000	625000	2600000	7800000	16000000	33000000
478	湖心真经	5	2	邪派	增加渡劫雷抗	10	12	7	5	100	5000	25000	125000	625000	2600000	7800000	16000000	33000000
479	烈山真经	1	2	邪派	增加渡劫雷抗	10	12	8	5	100	5000	25000	125000	625000	2600000	7800000	16000000	33000000
480	苍羽真经	2	2	中立	增加渡劫雷抗	10	12	5	6	100	5000	25000	125000	625000	2600000	7800000	16000000	33000000
481	逍遥真经	3	2	中立	增加渡劫雷抗	10	12	6	6	100	5000	25000	125000	625000	2600000	7800000	16000000	33000000
482	青霞真经	4	2	正派	增加渡劫雷抗	10	12	7	7	100	5000	25000	125000	625000	2600000	7800000	16000000	33000000
483	黄泉真经	5	2	邪派	增加渡劫雷抗	10	12	8	7	100	5000	25000	125000	625000	2600000	7800000	16000000	33000000
484	天心真经	1	2	中立	增加渡劫雷抗	10	12	6	8	100	5000	25000	125000	625000	2600000	7800000	16000000	33000000
485	茅山真经	2	2	正派	增加渡劫雷抗	10	12	7	8	100	5000	25000	125000	625000	2600000	7800000	16000000	33000000
486	龙虎真经	3	2	正派	增加渡劫雷抗	10	12	8	9	100	5000	25000	125000	625000	2600000	7800000	16000000	33000000
487	斗狂真经	4	2	邪派	增加渡劫雷抗	10	12	9	9	100	5000	25000	125000	625000	2600000	7800000	16000000	33000000
488	巨灵真经	5	3	中立	增加渡劫雷抗	10	12	15	15	100	5000	25000	125000	625000	2600000	7800000	16000000	33000000
489	聚魔真经	1	3	邪派	增加渡劫雷抗	10	12	16	15	100	5000	25000	125000	625000	2600000	7800000	16000000	33000000
490	衔月真经	2	3	中立	增加渡劫雷抗	10	12	17	15	100	5000	25000	125000	625000	2600000	7800000	16000000	33000000
491	魁星真经	3	3	正派	增加渡劫雷抗	10	12	18	15	100	5000	25000	125000	625000	2600000	7800000	16000000	33000000
492	照阳真经	4	3	正派	增加渡劫雷抗	10	12	15	16	100	5000	25000	125000	625000	2600000	7800000	16000000	33000000
493	南紫真经	5	3	中立	增加渡劫雷抗	10	12	16	16	100	5000	25000	125000	625000	2600000	7800000	16000000	33000000
494	天海真经	1	3	正派	增加渡劫雷抗	10	12	17	17	100	5000	25000	125000	625000	2600000	7800000	16000000	33000000
495	神农真经	2	3	中立	增加渡劫雷抗	10	12	18	17	100	5000	25000	125000	625000	2600000	7800000	16000000	33000000
496	血煞真经	3	3	邪派	增加渡劫雷抗	10	12	16	18	100	5000	25000	125000	625000	2600000	7800000	16000000	33000000
497	仙侣真经	4	3	中立	增加渡劫雷抗	10	12	17	18	100	5000	25000	125000	625000	2600000	7800000	16000000	33000000
498	天华真经	5	4	正派	增加渡劫雷抗	10	12	20	20	100	5000	25000	125000	625000	2600000	7800000	16000000	33000000
499	九黎真经	1	4	中立	增加渡劫雷抗	10	12	21	20	100	5000	25000	125000	625000	2600000	7800000	16000000	33000000
500	月音真经	2	4	邪派	增加渡劫雷抗	10	12	22	20	100	5000	25000	125000	625000	2600000	7800000	16000000	33000000
501	归一真经	3	4	正派	增加渡劫雷抗	10	12	23	20	100	5000	25000	125000	625000	2600000	7800000	16000000	33000000
502	五行真经	4	4	正派	增加渡劫雷抗	10	12	20	21	100	5000	25000	125000	625000	2600000	7800000	16000000	33000000
503	潜龙真经	5	4	中立	增加渡劫雷抗	10	12	21	21	100	5000	25000	125000	625000	2600000	7800000	16000000	33000000
504	神意真经	1	4	正派	增加渡劫雷抗	10	12	22	22	100	5000	25000	125000	625000	2600000	7800000	16000000	33000000
505	寒毒真经	2	4	邪派	增加渡劫雷抗	10	12	23	22	100	5000	25000	125000	625000	2600000	7800000	16000000	33000000
506	青羽真经	3	4	正派	增加渡劫雷抗	10	12	21	23	100	5000	25000	125000	625000	2600000	7800000	16000000	33000000
507	古月真经	4	4	正派	增加渡劫雷抗	10	12	22	23	100	5000	25000	125000	625000	2600000	7800000	16000000	33000000
508	斩棘真经	5	4	邪派	增加渡劫雷抗	10	12	23	24	100	5000	25000	125000	625000	2600000	7800000	16000000	33000000
509	菩提真经	1	4	正派	增加渡劫雷抗	10	12	24	24	100	5000	25000	125000	625000	2600000	7800000	16000000	33000000
510	风清真经	2	4	正派	增加渡劫雷抗	10	12	30	30	100	5000	25000	125000	625000	2600000	7800000	16000000	33000000
511	无极真经	3	4	正派	增加渡劫雷抗	10	12	31	30	100	5000	25000	125000	625000	2600000	7800000	16000000	33000000
512	天音真经	4	5	中立	增加渡劫雷抗	10	12	37	35	100	5000	25000	125000	625000	2600000	7800000	16000000	33000000
513	灵山真经	5	5	中立	增加渡劫雷抗	10	12	38	35	100	5000	25000	125000	625000	2600000	7800000	16000000	33000000
514	法华真经	1	5	正派	增加渡劫雷抗	10	12	35	36	100	5000	25000	125000	625000	2600000	7800000	16000000	33000000
515	金顶真经	2	5	中立	增加渡劫雷抗	10	12	36	36	100	5000	25000	125000	625000	2600000	7800000	16000000	33000000
516	独尊真经	3	5	邪派	增加渡劫雷抗	10	12	37	37	100	5000	25000	125000	625000	2600000	7800000	16000000	33000000
517	九煞真经	4	5	邪派	增加渡劫雷抗	10	12	38	37	100	5000	25000	125000	625000	2600000	7800000	16000000	33000000
518	伏龙真经	5	5	正派	增加渡劫雷抗	10	12	36	38	100	5000	25000	125000	625000	2600000	7800000	16000000	33000000
519	玄音真经	1	5	中立	增加渡劫雷抗	10	12	37	38	100	5000	25000	125000	625000	2600000	7800000	16000000	33000000
520	落日真经	2	5	邪派	增加渡劫雷抗	10	12	40	40	100	5000	25000	125000	625000	2600000	7800000	16000000	33000000
521	生死真经	3	5	邪派	增加渡劫雷抗	10	12	41	40	100	5000	25000	125000	625000	2600000	7800000	16000000	33000000
522	隐神真经	4	5	中立	增加渡劫雷抗	10	12	42	40	100	5000	25000	125000	625000	2600000	7800000	16000000	33000000
523	合欢真经	5	6	邪派	增加渡劫雷抗	10	12	48	45	100	5000	25000	125000	625000	2600000	7800000	16000000	33000000
524	碧云真经	1	6	中立	增加渡劫雷抗	10	12	45	46	100	5000	25000	125000	625000	2600000	7800000	16000000	33000000
525	焚香真经	2	6	邪派	增加渡劫雷抗	10	12	46	46	100	5000	25000	125000	625000	2600000	7800000	16000000	33000000
526	灵寂真经	3	6	中立	增加渡劫雷抗	10	12	47	47	100	5000	25000	125000	625000	2600000	7800000	16000000	33000000
527	无心真经	4	6	中立	增加渡劫雷抗	10	12	48	47	100	5000	25000	125000	625000	2600000	7800000	16000000	33000000
528	无为真经	5	6	中立	增加渡劫雷抗	10	12	46	48	100	5000	25000	125000	625000	2600000	7800000	16000000	33000000
529	上清真经	1	6	正派	增加渡劫雷抗	10	12	47	48	100	5000	25000	125000	625000	2600000	7800000	16000000	33000000
530	天师真经	2	6	正派	增加渡劫雷抗	10	12	48	49	100	5000	25000	125000	625000	2600000	7800000	16000000	33000000
531	恶魔真经	3	7	邪派	增加渡劫雷抗	10	12	54	54	100	5000	25000	125000	625000	2600000	7800000	16000000	33000000
532	死亡真经	4	7	邪派	增加渡劫雷抗	10	12	60	60	100	5000	25000	125000	625000	2600000	7800000	16000000	33000000
533	凌云真经	5	7	正派	增加渡劫雷抗	10	12	61	60	100	5000	25000	125000	625000	2600000	7800000	16000000	33000000
534	云霄真经	1	7	正派	增加渡劫雷抗	10	12	67	65	100	5000	25000	125000	625000	2600000	7800000	16000000	33000000
535	华音真经	2	7	正派	增加渡劫雷抗	10	12	68	65	100	5000	25000	125000	625000	2600000	7800000	16000000	33000000
536	天魔真经	3	7	邪派	增加渡劫雷抗	10	12	65	66	100	5000	25000	125000	625000	2600000	7800000	16000000	33000000
537	玄灵真经	4	8	正派	增加渡劫雷抗	10	12	71	71	100	5000	25000	125000	625000	2600000	7800000	16000000	33000000
538	浩天真经	5	8	正派	增加渡劫雷抗	10	12	72	72	100	5000	25000	125000	625000	2600000	7800000	16000000	33000000
539	紫门真经	1	8	正派	增加渡劫雷抗	10	12	73	72	100	5000	25000	125000	625000	2600000	7800000	16000000	33000000
540	碧凌真经	2	8	中立	增加渡劫雷抗	10	12	71	73	100	5000	25000	125000	625000	2600000	7800000	16000000	33000000
541	魔泯真经	3	8	邪派	增加渡劫雷抗	10	12	72	73	100	5000	25000	125000	625000	2600000	7800000	16000000	33000000
542	碧宵真经	4	8	正派	增加渡劫雷抗	10	12	75	75	100	5000	25000	125000	625000	2600000	7800000	16000000	33000000
543	玉女真经	5	8	正派	增加渡劫雷抗	10	12	76	75	100	5000	25000	125000	625000	2600000	7800000	16000000	33000000
544	天道真经	1	8	正派	增加渡劫雷抗	10	12	77	75	100	5000	25000	125000	625000	2600000	7800000	16000000	33000000
545	天衍真经	2	8	正派	增加渡劫雷抗	10	12	83	80	100	5000	25000	125000	625000	2600000	7800000	16000000	33000000
546	百媚真经	3	8	邪派	增加渡劫雷抗	10	12	80	81	100	5000	25000	125000	625000	2600000	7800000	16000000	33000000
547	天鉴真经	4	9	正派	增加渡劫雷抗	10	12	86	86	100	5000	25000	125000	625000	2600000	7800000	16000000	33000000
548	青云真经	5	9	正派	增加渡劫雷抗	10	12	87	87	100	5000	25000	125000	625000	2600000	7800000	16000000	33000000
549	飘渺真经	1	9	正派	增加渡劫雷抗	10	12	88	87	100	5000	25000	125000	625000	2600000	7800000	16000000	33000000
550	宵水真经	2	9	邪派	增加渡劫雷抗	10	12	86	88	100	5000	25000	125000	625000	2600000	7800000	16000000	33000000
551	赤血真经	3	9	邪派	增加渡劫雷抗	10	12	87	88	100	5000	25000	125000	625000	2600000	7800000	16000000	33000000
552	嗜魔真经	4	9	邪派	增加渡劫雷抗	10	12	88	89	100	5000	25000	125000	625000	2600000	7800000	16000000	33000000
553	鬼王真经	5	9	邪派	增加渡劫雷抗	10	12	94	94	100	5000	25000	125000	625000	2600000	7800000	16000000	33000000
554	紫霄真经	1	9	正派	增加渡劫雷抗	10	12	100	100	100	5000	25000	125000	625000	2600000	7800000	16000000	33000000
555	无极真经	2	9	正派	增加渡劫雷抗	10	12	101	100	100	5000	25000	125000	625000	2600000	7800000	16000000	33000000
556	魔神真经	3	9	邪派	增加渡劫雷抗	10	12	112	110	100	5000	25000	125000	625000	2600000	7800000	16000000	33000000
557	万佛真经	4	9	中立	增加渡劫雷抗	10	12	113	110	100	5000	25000	125000	625000	2600000	7800000	16000000	33000000
558	五灵真经	5	9	中立	增加渡劫雷抗	10	12	110	111	100	5000	25000	125000	625000	2600000	7800000	16000000	33000000
559	玄天真经	1	9	正派	增加渡劫雷抗	10	12	116	116	100	5000	25000	125000	625000	2600000	7800000	16000000	33000000
560	神兽真经	2	9	正派	增加渡劫雷抗	10	12	117	117	100	5000	25000	125000	625000	2600000	7800000	16000000	33000000
561	天阳真经	3	9	正派	增加渡劫雷抗	10	12	118	117	100	5000	25000	125000	625000	2600000	7800000	16000000	33000000
562	玄武真经	4	9	中立	增加渡劫雷抗	10	12	116	118	100	5000	25000	125000	625000	2600000	7800000	16000000	33000000
563	蜀山真经	5	9	正派	增加渡劫雷抗	10	12	117	118	100	5000	25000	125000	625000	2600000	7800000	16000000	33000000
564	逍遥秘诀	1	1	中立	修炼时每次增加修为	1	1	1	1	100	5000	25000	125000	625000	2600000	7800000	16000000	33000000
565	黄泉秘诀	2	1	邪派	修炼时每次增加修为	1	1	1	1	100	5000	25000	125000	625000	2600000	7800000	16000000	33000000
566	天海秘诀	3	2	正派	修炼时每次增加修为	2	1	5	5	100	5000	25000	125000	625000	2600000	7800000	16000000	33000000
567	仙侣秘诀	4	2	中立	修炼时每次增加修为	2	1	5	5	100	5000	25000	125000	625000	2600000	7800000	16000000	33000000
568	斗狂秘诀	5	2	邪派	修炼时每次增加修为	2	1	5	5	100	5000	25000	125000	625000	2600000	7800000	16000000	33000000
569	青羽秘诀	1	3	正派	修炼时每次增加修为	3	1	10	10	100	5000	25000	125000	625000	2600000	7800000	16000000	33000000
570	天音秘诀	2	4	中立	修炼时每次增加修为	4	1	15	15	100	5000	25000	125000	625000	2600000	7800000	16000000	33000000
571	九煞秘诀	3	4	邪派	修炼时每次增加修为	4	1	15	15	100	5000	25000	125000	625000	2600000	7800000	16000000	33000000
572	隐神秘诀	4	4	中立	修炼时每次增加修为	4	1	15	15	100	5000	25000	125000	625000	2600000	7800000	16000000	33000000
573	合欢秘诀	5	5	邪派	修炼时每次增加修为	5	1	20	20	100	5000	25000	125000	625000	2600000	7800000	16000000	33000000
574	碧云秘诀	1	5	中立	修炼时每次增加修为	5	1	20	20	100	5000	25000	125000	625000	2600000	7800000	16000000	33000000
575	天师秘诀	2	5	正派	修炼时每次增加修为	5	1	20	20	100	5000	25000	125000	625000	2600000	7800000	16000000	33000000
576	恶魔秘诀	3	6	邪派	修炼时每次增加修为	6	1	25	25	100	5000	25000	125000	625000	2600000	7800000	16000000	33000000
577	云霄秘诀	4	6	正派	修炼时每次增加修为	6	1	25	25	100	5000	25000	125000	625000	2600000	7800000	16000000	33000000
578	浩天秘诀	5	7	正派	修炼时每次增加修为	7	1	30	30	100	5000	25000	125000	625000	2600000	7800000	16000000	33000000
579	碧凌秘诀	1	7	中立	修炼时每次增加修为	7	1	30	30	100	5000	25000	125000	625000	2600000	7800000	16000000	33000000
580	魔泯秘诀	2	7	邪派	修炼时每次增加修为	7	1	30	30	100	5000	25000	125000	625000	2600000	7800000	16000000	33000000
581	鬼王秘诀	3	8	邪派	修炼时每次增加修为	8	1	35	35	100	5000	25000	125000	625000	2600000	7800000	16000000	33000000
582	无极秘诀	4	8	正派	修炼时每次增加修为	8	1	35	35	100	5000	25000	125000	625000	2600000	7800000	16000000	33000000
583	魔神秘诀	5	9	邪派	修炼时每次增加修为	9	1	40	40	100	5000	25000	125000	625000	2600000	7800000	16000000	33000000
584	万佛秘诀	1	9	中立	修炼时每次增加修为	9	1	40	40	100	5000	25000	125000	625000	2600000	7800000	16000000	33000000
585	五灵秘诀	2	9	中立	修炼时每次增加修为	9	1	40	40	100	5000	25000	125000	625000	2600000	7800000	16000000	33000000
586	玄天秘诀	3	9	正派	修炼时每次增加修为	9	1	40	40	100	5000	25000	125000	625000	2600000	7800000	16000000	33000000
587	神兽秘诀	4	9	正派	修炼时每次增加修为	9	1	40	40	100	5000	25000	125000	625000	2600000	7800000	16000000	33000000
588	天阳秘诀	5	9	正派	修炼时每次增加修为	9	1	40	40	100	5000	25000	125000	625000	2600000	7800000	16000000	33000000
589	玄武秘诀	1	9	中立	修炼时每次增加修为	9	1	40	40	100	5000	25000	125000	625000	2600000	7800000	16000000	33000000
590	蜀山秘诀	2	9	正派	修炼时每次增加修为	9	1	40	40	100	5000	25000	125000	625000	2600000	7800000	16000000	33000000
591	阴罗心法	3	6	邪派	增加自身防御	10	5	65	66	100	5000	25000	125000	625000	2600000	7800000	16000000	33000000
592	罗刹心法	4	6	邪派	增加自身防御	10	5	65	66	100	5000	25000	125000	625000	2600000	7800000	16000000	33000000
593	七曜心法	5	6	正派	增加自身防御	10	5	65	66	100	5000	25000	125000	625000	2600000	7800000	16000000	33000000
594	虹月心法	1	6	正派	增加自身防御	10	5	65	66	100	5000	25000	125000	625000	2600000	7800000	16000000	33000000
595	无量心法	2	6	正派	增加自身防御	10	5	65	66	100	5000	25000	125000	625000	2600000	7800000	16000000	33000000
596	星月心法	3	6	邪派	增加自身防御	10	5	65	66	100	5000	25000	125000	625000	2600000	7800000	16000000	33000000
597	朝天心法	4	6	邪派	增加自身防御	10	5	65	66	100	5000	25000	125000	625000	2600000	7800000	16000000	33000000
598	问道心法	5	6	中立	增加自身防御	10	5	65	66	100	5000	25000	125000	625000	2600000	7800000	16000000	33000000
599	清虚心法	1	6	正派	增加自身防御	10	5	65	66	100	5000	25000	125000	625000	2600000	7800000	16000000	33000000
600	剑符心法	2	6	正派	增加自身防御	10	5	65	66	100	5000	25000	125000	625000	2600000	7800000	16000000	33000000
601	御灵心法	3	6	正派	增加自身防御	10	5	65	66	100	5000	25000	125000	625000	2600000	7800000	16000000	33000000
602	鬼灵心法	4	6	邪派	增加自身防御	10	5	65	66	100	5000	25000	125000	625000	2600000	7800000	16000000	33000000
603	迷月心法	5	6	中立	增加自身防御	10	5	65	66	100	5000	25000	125000	625000	2600000	7800000	16000000	33000000
604	圣水心法	1	6	中立	增加自身防御	10	5	65	66	100	5000	25000	125000	625000	2600000	7800000	16000000	33000000
605	万花心法	2	7	中立	增加自身防御	10	5	71	71	100	5000	25000	125000	625000	2600000	7800000	16000000	33000000
606	天星心法	3	7	正派	增加自身防御	10	5	71	71	100	5000	25000	125000	625000	2600000	7800000	16000000	33000000
607	血魂心法	4	7	邪派	增加自身防御	10	5	71	71	100	5000	25000	125000	625000	2600000	7800000	16000000	33000000
608	飞羽心法	5	7	邪派	增加自身防御	10	5	71	71	100	5000	25000	125000	625000	2600000	7800000	16000000	33000000
609	千面心法	1	7	邪派	增加自身防御	10	5	71	71	100	5000	25000	125000	625000	2600000	7800000	16000000	33000000
610	两仪心法	2	7	正派	增加自身防御	10	5	71	71	100	5000	25000	125000	625000	2600000	7800000	16000000	33000000
611	灵虚心法	3	7	正派	增加自身防御	10	5	71	71	100	5000	25000	125000	625000	2600000	7800000	16000000	33000000
612	血河心法	4	7	邪派	增加自身防御	10	5	71	71	100	5000	25000	125000	625000	2600000	7800000	16000000	33000000
613	烈焰心法	5	7	邪派	增加自身防御	10	5	71	71	100	5000	25000	125000	625000	2600000	7800000	16000000	33000000
614	玲珑心法	1	7	正派	增加自身防御	10	5	71	71	100	5000	25000	125000	625000	2600000	7800000	16000000	33000000
615	太上心法	2	7	中立	增加自身防御	10	5	71	71	100	5000	25000	125000	625000	2600000	7800000	16000000	33000000
616	阴罗诀	3	6	邪派	增加自身攻击	10	4	65	66	100	5000	25000	125000	625000	2600000	7800000	16000000	33000000
617	罗刹诀	4	6	邪派	增加自身攻击	10	4	65	66	100	5000	25000	125000	625000	2600000	7800000	16000000	33000000
618	七曜诀	5	6	正派	增加自身攻击	10	4	65	66	100	5000	25000	125000	625000	2600000	7800000	16000000	33000000
619	虹月诀	1	6	正派	增加自身攻击	10	4	65	66	100	5000	25000	125000	625000	2600000	7800000	16000000	33000000
620	无量诀	2	6	正派	增加自身攻击	10	4	65	66	100	5000	25000	125000	625000	2600000	7800000	16000000	33000000
621	星月诀	3	6	邪派	增加自身攻击	10	4	65	66	100	5000	25000	125000	625000	2600000	7800000	16000000	33000000
622	朝天诀	4	6	邪派	增加自身攻击	10	4	65	66	100	5000	25000	125000	625000	2600000	7800000	16000000	33000000
623	问道诀	5	6	中立	增加自身攻击	10	4	65	66	100	5000	25000	125000	625000	2600000	7800000	16000000	33000000
624	清虚诀	1	6	正派	增加自身攻击	10	4	65	66	100	5000	25000	125000	625000	2600000	7800000	16000000	33000000
625	剑符诀	2	6	正派	增加自身攻击	10	4	65	66	100	5000	25000	125000	625000	2600000	7800000	16000000	33000000
626	御灵诀	3	6	正派	增加自身攻击	10	4	65	66	100	5000	25000	125000	625000	2600000	7800000	16000000	33000000
627	鬼灵诀	4	6	邪派	增加自身攻击	10	4	65	66	100	5000	25000	125000	625000	2600000	7800000	16000000	33000000
628	迷月诀	5	6	中立	增加自身攻击	10	4	65	66	100	5000	25000	125000	625000	2600000	7800000	16000000	33000000
629	圣水诀	1	6	中立	增加自身攻击	10	4	65	66	100	5000	25000	125000	625000	2600000	7800000	16000000	33000000
630	万花诀	2	7	中立	增加自身攻击	10	4	71	71	100	5000	25000	125000	625000	2600000	7800000	16000000	33000000
631	天星诀	3	7	正派	增加自身攻击	10	4	71	71	100	5000	25000	125000	625000	2600000	7800000	16000000	33000000
632	血魂诀	4	7	邪派	增加自身攻击	10	4	71	71	100	5000	25000	125000	625000	2600000	7800000	16000000	33000000
633	飞羽诀	5	7	邪派	增加自身攻击	10	4	71	71	100	5000	25000	125000	625000	2600000	7800000	16000000	33000000
634	千面诀	1	7	邪派	增加自身攻击	10	4	71	71	100	5000	25000	125000	625000	2600000	7800000	16000000	33000000
635	两仪诀	2	7	正派	增加自身攻击	10	4	71	71	100	5000	25000	125000	625000	2600000	7800000	16000000	33000000
636	灵虚诀	3	7	正派	增加自身攻击	10	4	71	71	100	5000	25000	125000	625000	2600000	7800000	16000000	33000000
637	血河诀	4	7	邪派	增加自身攻击	10	4	71	71	100	5000	25000	125000	625000	2600000	7800000	16000000	33000000
638	烈焰诀	5	7	邪派	增加自身攻击	10	4	71	71	100	5000	25000	125000	625000	2600000	7800000	16000000	33000000
639	玲珑诀	1	7	正派	增加自身攻击	10	4	71	71	100	5000	25000	125000	625000	2600000	7800000	16000000	33000000
640	太上诀	2	7	中立	增加自身攻击	10	4	71	71	100	5000	25000	125000	625000	2600000	7800000	16000000	33000000
641	阴罗遁术	3	6	邪派	增加自身速度	10	3	65	66	100	5000	25000	125000	625000	2600000	7800000	16000000	33000000
642	罗刹遁术	4	6	邪派	增加自身速度	10	3	65	66	100	5000	25000	125000	625000	2600000	7800000	16000000	33000000
643	七曜遁术	5	6	正派	增加自身速度	10	3	65	66	100	5000	25000	125000	625000	2600000	7800000	16000000	33000000
644	虹月遁术	1	6	正派	增加自身速度	10	3	65	66	100	5000	25000	125000	625000	2600000	7800000	16000000	33000000
645	无量遁术	2	6	正派	增加自身速度	10	3	65	66	100	5000	25000	125000	625000	2600000	7800000	16000000	33000000
646	星月遁术	3	6	邪派	增加自身速度	10	3	65	66	100	5000	25000	125000	625000	2600000	7800000	16000000	33000000
647	朝天遁术	4	6	邪派	增加自身速度	10	3	65	66	100	5000	25000	125000	625000	2600000	7800000	16000000	33000000
648	问道遁术	5	6	中立	增加自身速度	10	3	65	66	100	5000	25000	125000	625000	2600000	7800000	16000000	33000000
649	清虚遁术	1	6	正派	增加自身速度	10	3	65	66	100	5000	25000	125000	625000	2600000	7800000	16000000	33000000
650	剑符遁术	2	6	正派	增加自身速度	10	3	65	66	100	5000	25000	125000	625000	2600000	7800000	16000000	33000000
651	御灵遁术	3	6	正派	增加自身速度	10	3	65	66	100	5000	25000	125000	625000	2600000	7800000	16000000	33000000
652	鬼灵遁术	4	6	邪派	增加自身速度	10	3	65	66	100	5000	25000	125000	625000	2600000	7800000	16000000	33000000
653	迷月遁术	5	6	中立	增加自身速度	10	3	65	66	100	5000	25000	125000	625000	2600000	7800000	16000000	33000000
654	圣水遁术	1	6	中立	增加自身速度	10	3	65	66	100	5000	25000	125000	625000	2600000	7800000	16000000	33000000
655	万花遁术	2	7	中立	增加自身速度	10	3	71	71	100	5000	25000	125000	625000	2600000	7800000	16000000	33000000
656	天星遁术	3	7	正派	增加自身速度	10	3	71	71	100	5000	25000	125000	625000	2600000	7800000	16000000	33000000
657	血魂遁术	4	7	邪派	增加自身速度	10	3	71	71	100	5000	25000	125000	625000	2600000	7800000	16000000	33000000
658	飞羽遁术	5	7	邪派	增加自身速度	10	3	71	71	100	5000	25000	125000	625000	2600000	7800000	16000000	33000000
659	千面遁术	1	7	邪派	增加自身速度	10	3	71	71	100	5000	25000	125000	625000	2600000	7800000	16000000	33000000
660	两仪遁术	2	7	正派	增加自身速度	10	3	71	71	100	5000	25000	125000	625000	2600000	7800000	16000000	33000000
661	灵虚遁术	3	7	正派	增加自身速度	10	3	71	71	100	5000	25000	125000	625000	2600000	7800000	16000000	33000000
662	血河遁术	4	7	邪派	增加自身速度	10	3	71	71	100	5000	25000	125000	625000	2600000	7800000	16000000	33000000
663	烈焰遁术	5	7	邪派	增加自身速度	10	3	71	71	100	5000	25000	125000	625000	2600000	7800000	16000000	33000000
664	玲珑遁术	1	7	正派	增加自身速度	10	3	71	71	100	5000	25000	125000	625000	2600000	7800000	16000000	33000000
665	太上遁术	2	7	中立	增加自身速度	10	3	71	71	100	5000	25000	125000	625000	2600000	7800000	16000000	33000000
666	阴罗身法	3	6	邪派	增加自身闪避	10	10	65	66	100	5000	25000	125000	625000	2600000	7800000	16000000	33000000
667	罗刹身法	4	6	邪派	增加自身闪避	10	10	65	66	100	5000	25000	125000	625000	2600000	7800000	16000000	33000000
668	七曜身法	5	6	正派	增加自身闪避	10	10	65	66	100	5000	25000	125000	625000	2600000	7800000	16000000	33000000
669	虹月身法	1	6	正派	增加自身闪避	10	10	65	66	100	5000	25000	125000	625000	2600000	7800000	16000000	33000000
670	无量身法	2	6	正派	增加自身闪避	10	10	65	66	100	5000	25000	125000	625000	2600000	7800000	16000000	33000000
671	星月身法	3	6	邪派	增加自身闪避	10	10	65	66	100	5000	25000	125000	625000	2600000	7800000	16000000	33000000
672	朝天身法	4	6	邪派	增加自身闪避	10	10	65	66	100	5000	25000	125000	625000	2600000	7800000	16000000	33000000
673	问道身法	5	6	中立	增加自身闪避	10	10	65	66	100	5000	25000	125000	625000	2600000	7800000	16000000	33000000
674	清虚身法	1	6	正派	增加自身闪避	10	10	65	66	100	5000	25000	125000	625000	2600000	7800000	16000000	33000000
675	剑符身法	2	6	正派	增加自身闪避	10	10	65	66	100	5000	25000	125000	625000	2600000	7800000	16000000	33000000
676	御灵身法	3	6	正派	增加自身闪避	10	10	65	66	100	5000	25000	125000	625000	2600000	7800000	16000000	33000000
677	鬼灵身法	4	6	邪派	增加自身闪避	10	10	65	66	100	5000	25000	125000	625000	2600000	7800000	16000000	33000000
678	迷月身法	5	6	中立	增加自身闪避	10	10	65	66	100	5000	25000	125000	625000	2600000	7800000	16000000	33000000
679	圣水身法	1	6	中立	增加自身闪避	10	10	65	66	100	5000	25000	125000	625000	2600000	7800000	16000000	33000000
680	万花身法	2	7	中立	增加自身闪避	10	10	71	71	100	5000	25000	125000	625000	2600000	7800000	16000000	33000000
681	天星身法	3	7	正派	增加自身闪避	10	10	71	71	100	5000	25000	125000	625000	2600000	7800000	16000000	33000000
682	血魂身法	4	7	邪派	增加自身闪避	10	10	71	71	100	5000	25000	125000	625000	2600000	7800000	16000000	33000000
683	飞羽身法	5	7	邪派	增加自身闪避	10	10	71	71	100	5000	25000	125000	625000	2600000	7800000	16000000	33000000
684	千面身法	1	7	邪派	增加自身闪避	10	10	71	71	100	5000	25000	125000	625000	2600000	7800000	16000000	33000000
685	两仪身法	2	7	正派	增加自身闪避	10	10	71	71	100	5000	25000	125000	625000	2600000	7800000	16000000	33000000
686	灵虚身法	3	7	正派	增加自身闪避	10	10	71	71	100	5000	25000	125000	625000	2600000	7800000	16000000	33000000
687	血河身法	4	7	邪派	增加自身闪避	10	10	71	71	100	5000	25000	125000	625000	2600000	7800000	16000000	33000000
688	烈焰身法	5	7	邪派	增加自身闪避	10	10	71	71	100	5000	25000	125000	625000	2600000	7800000	16000000	33000000
689	玲珑身法	1	7	正派	增加自身闪避	10	10	71	71	100	5000	25000	125000	625000	2600000	7800000	16000000	33000000
690	太上身法	2	7	中立	增加自身闪避	10	10	71	71	100	5000	25000	125000	625000	2600000	7800000	16000000	33000000
691	阴罗真经	3	7	邪派	增加渡劫雷抗	10	12	54	54	100	5000	25000	125000	625000	2600000	7800000	16000000	33000000
692	罗刹真经	4	7	邪派	增加渡劫雷抗	10	12	54	54	100	5000	25000	125000	625000	2600000	7800000	16000000	33000000
693	七曜真经	5	7	正派	增加渡劫雷抗	10	12	54	54	100	5000	25000	125000	625000	2600000	7800000	16000000	33000000
694	虹月真经	1	7	正派	增加渡劫雷抗	10	12	54	54	100	5000	25000	125000	625000	2600000	7800000	16000000	33000000
695	无量真经	2	7	正派	增加渡劫雷抗	10	12	54	54	100	5000	25000	125000	625000	2600000	7800000	16000000	33000000
696	星月真经	3	7	邪派	增加渡劫雷抗	10	12	54	54	100	5000	25000	125000	625000	2600000	7800000	16000000	33000000
697	朝天真经	4	7	邪派	增加渡劫雷抗	10	12	54	54	100	5000	25000	125000	625000	2600000	7800000	16000000	33000000
698	问道真经	5	7	中立	增加渡劫雷抗	10	12	54	54	100	5000	25000	125000	625000	2600000	7800000	16000000	33000000
699	清虚真经	1	7	正派	增加渡劫雷抗	10	12	54	54	100	5000	25000	125000	625000	2600000	7800000	16000000	33000000
700	剑符真经	2	7	正派	增加渡劫雷抗	10	12	54	54	100	5000	25000	125000	625000	2600000	7800000	16000000	33000000
701	御灵真经	3	7	正派	增加渡劫雷抗	10	12	54	54	100	5000	25000	125000	625000	2600000	7800000	16000000	33000000
702	鬼灵真经	4	7	邪派	增加渡劫雷抗	10	12	54	54	100	5000	25000	125000	625000	2600000	7800000	16000000	33000000
703	迷月真经	5	7	中立	增加渡劫雷抗	10	12	54	54	100	5000	25000	125000	625000	2600000	7800000	16000000	33000000
704	圣水真经	1	7	中立	增加渡劫雷抗	10	12	54	54	100	5000	25000	125000	625000	2600000	7800000	16000000	33000000
705	万花真经	2	8	中立	增加渡劫雷抗	10	12	77	75	100	5000	25000	125000	625000	2600000	7800000	16000000	33000000
706	天星真经	3	8	正派	增加渡劫雷抗	10	12	77	75	100	5000	25000	125000	625000	2600000	7800000	16000000	33000000
707	血魂真经	4	8	邪派	增加渡劫雷抗	10	12	77	75	100	5000	25000	125000	625000	2600000	7800000	16000000	33000000
708	飞羽真经	5	8	邪派	增加渡劫雷抗	10	12	77	75	100	5000	25000	125000	625000	2600000	7800000	16000000	33000000
709	千面真经	1	8	邪派	增加渡劫雷抗	10	12	77	75	100	5000	25000	125000	625000	2600000	7800000	16000000	33000000
710	两仪真经	2	8	正派	增加渡劫雷抗	10	12	77	75	100	5000	25000	125000	625000	2600000	7800000	16000000	33000000
711	灵虚真经	3	8	正派	增加渡劫雷抗	10	12	77	75	100	5000	25000	125000	625000	2600000	7800000	16000000	33000000
712	血河真经	4	8	邪派	增加渡劫雷抗	10	12	77	75	100	5000	25000	125000	625000	2600000	7800000	16000000	33000000
713	烈焰真经	5	8	邪派	增加渡劫雷抗	10	12	77	75	100	5000	25000	125000	625000	2600000	7800000	16000000	33000000
714	玲珑真经	1	8	正派	增加渡劫雷抗	10	12	77	75	100	5000	25000	125000	625000	2600000	7800000	16000000	33000000
715	太上真经	2	8	中立	增加渡劫雷抗	10	12	77	75	100	5000	25000	125000	625000	2600000	7800000	16000000	33000000
716	阴罗秘诀	3	6	邪派	修炼时每次增加修为	6	1	25	25	100	5000	25000	125000	625000	2600000	7800000	16000000	33000000
717	罗刹秘诀	4	6	邪派	修炼时每次增加修为	6	1	25	25	100	5000	25000	125000	625000	2600000	7800000	16000000	33000000
718	七曜秘诀	1	6	正派	修炼时每次增加修为	6	1	25	25	100	5000	25000	125000	625000	2600000	7800000	16000000	33000000
719	虹月秘诀	2	6	正派	修炼时每次增加修为	6	1	25	25	100	5000	25000	125000	625000	2600000	7800000	16000000	33000000
720	无量秘诀	3	6	正派	修炼时每次增加修为	6	1	25	25	100	5000	25000	125000	625000	2600000	7800000	16000000	33000000
721	星月秘诀	4	6	邪派	修炼时每次增加修为	6	1	25	25	100	5000	25000	125000	625000	2600000	7800000	16000000	33000000
722	朝天秘诀	5	6	邪派	修炼时每次增加修为	6	1	25	25	100	5000	25000	125000	625000	2600000	7800000	16000000	33000000
723	问道秘诀	1	6	中立	修炼时每次增加修为	6	1	25	25	100	5000	25000	125000	625000	2600000	7800000	16000000	33000000
724	清虚秘诀	2	6	正派	修炼时每次增加修为	6	1	25	25	100	5000	25000	125000	625000	2600000	7800000	16000000	33000000
725	剑符秘诀	3	6	正派	修炼时每次增加修为	6	1	25	25	100	5000	25000	125000	625000	2600000	7800000	16000000	33000000
726	御灵秘诀	4	6	正派	修炼时每次增加修为	6	1	25	25	100	5000	25000	125000	625000	2600000	7800000	16000000	33000000
727	鬼灵秘诀	5	6	邪派	修炼时每次增加修为	6	1	25	25	100	5000	25000	125000	625000	2600000	7800000	16000000	33000000
728	迷月秘诀	1	6	中立	修炼时每次增加修为	6	1	25	25	100	5000	25000	125000	625000	2600000	7800000	16000000	33000000
729	圣水秘诀	2	6	中立	修炼时每次增加修为	6	1	25	25	100	5000	25000	125000	625000	2600000	7800000	16000000	33000000
730	万花秘诀	3	7	中立	修炼时每次增加修为	7	1	30	30	100	5000	25000	125000	625000	2600000	7800000	16000000	33000000
731	天星秘诀	4	7	正派	修炼时每次增加修为	7	1	30	30	100	5000	25000	125000	625000	2600000	7800000	16000000	33000000
732	血魂秘诀	5	7	邪派	修炼时每次增加修为	7	1	30	30	100	5000	25000	125000	625000	2600000	7800000	16000000	33000000
733	飞羽秘诀	1	7	邪派	修炼时每次增加修为	7	1	30	30	100	5000	25000	125000	625000	2600000	7800000	16000000	33000000
734	千面秘诀	2	7	邪派	修炼时每次增加修为	7	1	30	30	100	5000	25000	125000	625000	2600000	7800000	16000000	33000000
735	两仪秘诀	3	7	正派	修炼时每次增加修为	7	1	30	30	100	5000	25000	125000	625000	2600000	7800000	16000000	33000000
736	灵虚秘诀	4	7	正派	修炼时每次增加修为	7	1	30	30	100	5000	25000	125000	625000	2600000	7800000	16000000	33000000
737	血河秘诀	5	7	邪派	修炼时每次增加修为	7	1	30	30	100	5000	25000	125000	625000	2600000	7800000	16000000	33000000
738	烈焰秘诀	1	7	邪派	修炼时每次增加修为	7	1	30	30	100	5000	25000	125000	625000	2600000	7800000	16000000	33000000
739	玲珑秘诀	2	7	正派	修炼时每次增加修为	7	1	30	30	100	5000	25000	125000	625000	2600000	7800000	16000000	33000000
740	梵度秘诀	3	9	正派	修炼时每次增加修为	10	1	80	80	100	5000	25000	125000	625000	2600000	7800000	16000000	33000000
741	玉隆秘诀	4	9	正派	修炼时每次增加修为	10	1	80	80	100	5000	25000	125000	625000	2600000	7800000	16000000	33000000
742	妙成秘诀	5	9	正派	修炼时每次增加修为	10	1	80	80	100	5000	25000	125000	625000	2600000	7800000	16000000	33000000
743	无思秘诀	1	9	正派	修炼时每次增加修为	10	1	80	80	100	5000	25000	125000	625000	2600000	7800000	16000000	33000000
744	元载秘诀	2	9	正派	修炼时每次增加修为	10	1	80	80	100	5000	25000	125000	625000	2600000	7800000	16000000	33000000
745	灵明秘诀	3	9	正派	修炼时每次增加修为	10	1	80	80	100	5000	25000	125000	625000	2600000	7800000	16000000	33000000
746	赤明秘诀	4	9	正派	修炼时每次增加修为	10	1	80	80	100	5000	25000	125000	625000	2600000	7800000	16000000	33000000
747	太安秘诀	5	9	正派	修炼时每次增加修为	10	1	80	80	100	5000	25000	125000	625000	2600000	7800000	16000000	33000000
748	荣华秘诀	1	9	正派	修炼时每次增加修为	10	1	80	80	100	5000	25000	125000	625000	2600000	7800000	16000000	33000000
749	玄明秘诀	2	9	正派	修炼时每次增加修为	10	1	80	80	100	5000	25000	125000	625000	2600000	7800000	16000000	33000000
750	玄胎秘诀	3	9	正派	修炼时每次增加修为	10	1	80	80	100	5000	25000	125000	625000	2600000	7800000	16000000	33000000
751	太明秘诀	4	9	正派	修炼时每次增加修为	10	1	80	80	100	5000	25000	125000	625000	2600000	7800000	16000000	33000000
752	太黄秘诀	5	9	正派	修炼时每次增加修为	10	1	80	80	100	5000	25000	125000	625000	2600000	7800000	16000000	33000000
753	大罗秘诀	1	9	正派	修炼时每次增加修为	10	1	100	100	100	5000	25000	125000	625000	2600000	7800000	16000000	33000000
754	始皇秘诀	2	9	正派	修炼时每次增加修为	10	1	100	100	100	5000	25000	125000	625000	2600000	7800000	16000000	33000000
755	极风秘诀	3	9	正派	修炼时每次增加修为	10	1	100	100	100	5000	25000	125000	625000	2600000	7800000	16000000	33000000
756	光明秘诀	4	9	正派	修炼时每次增加修为	10	1	100	100	100	5000	25000	125000	625000	2600000	7800000	16000000	33000000
757	虚无秘诀	5	9	正派	修炼时每次增加修为	10	1	100	100	100	5000	25000	125000	625000	2600000	7800000	16000000	33000000
758	七曜秘诀	1	9	正派	修炼时每次增加修为	10	1	100	100	100	5000	25000	125000	625000	2600000	7800000	16000000	33000000
759	皇笳秘诀	2	9	正派	修炼时每次增加修为	10	1	120	120	100	5000	25000	125000	625000	2600000	7800000	16000000	33000000
760	太皇秘诀	3	9	正派	修炼时每次增加修为	10	1	120	120	100	5000	25000	125000	625000	2600000	7800000	16000000	33000000
761	太极秘诀	4	9	正派	修炼时每次增加修为	10	1	120	120	100	5000	25000	125000	625000	2600000	7800000	16000000	33000000
762	玄武秘诀	5	9	正派	修炼时每次增加修为	10	1	140	140	100	5000	25000	125000	625000	2600000	7800000	16000000	33000000
763	朱雀秘诀	1	9	正派	修炼时每次增加修为	10	1	140	140	100	5000	25000	125000	625000	2600000	7800000	16000000	33000000
764	白虎秘诀	2	9	正派	修炼时每次增加修为	10	1	140	140	100	5000	25000	125000	625000	2600000	7800000	16000000	33000000
765	青龙秘诀	3	9	正派	修炼时每次增加修为	10	1	140	140	100	5000	25000	125000	625000	2600000	7800000	16000000	33000000
766	大焚秘诀	4	9	正派	修炼时每次增加修为	10	1	160	160	100	5000	25000	125000	625000	2600000	7800000	16000000	33000000
767	东极秘诀	5	9	正派	修炼时每次增加修为	10	1	220	220	100	5000	25000	125000	625000	2600000	7800000	16000000	33000000
768	西极秘诀	1	9	正派	修炼时每次增加修为	10	1	220	220	100	5000	25000	125000	625000	2600000	7800000	16000000	33000000
769	南极秘诀	2	9	正派	修炼时每次增加修为	10	1	220	220	100	5000	25000	125000	625000	2600000	7800000	16000000	33000000
770	北极秘诀	3	9	正派	修炼时每次增加修为	10	1	220	220	100	5000	25000	125000	625000	2600000	7800000	16000000	33000000
771	皇地秘诀	4	9	正派	修炼时每次增加修为	10	1	220	220	100	5000	25000	125000	625000	2600000	7800000	16000000	33000000
772	玉皇秘诀	5	9	正派	修炼时每次增加修为	10	1	240	240	100	5000	25000	125000	625000	2600000	7800000	16000000	33000000
773	枉死秘诀	1	9	中立	修炼时每次增加修为	10	1	120	120	100	5000	25000	125000	625000	2600000	7800000	16000000	33000000
774	火山秘诀	2	9	中立	修炼时每次增加修为	10	1	120	120	100	5000	25000	125000	625000	2600000	7800000	16000000	33000000
775	白骨秘诀	3	9	中立	修炼时每次增加修为	10	1	120	120	100	5000	25000	125000	625000	2600000	7800000	16000000	33000000
776	乱魂秘诀	4	9	中立	修炼时每次增加修为	10	1	120	120	100	5000	25000	125000	625000	2600000	7800000	16000000	33000000
777	黑绳秘诀	5	9	中立	修炼时每次增加修为	10	1	140	140	100	5000	25000	125000	625000	2600000	7800000	16000000	33000000
778	寂静秘诀	1	9	中立	修炼时每次增加修为	10	1	140	140	100	5000	25000	125000	625000	2600000	7800000	16000000	33000000
779	血莲秘诀	2	9	中立	修炼时每次增加修为	10	1	140	140	100	5000	25000	125000	625000	2600000	7800000	16000000	33000000
780	血池秘诀	3	9	中立	修炼时每次增加修为	10	1	140	140	100	5000	25000	125000	625000	2600000	7800000	16000000	33000000
781	哀嚎秘诀	4	9	中立	修炼时每次增加修为	10	1	140	140	100	5000	25000	125000	625000	2600000	7800000	16000000	33000000
782	阴灵秘诀	5	9	中立	修炼时每次增加修为	10	1	140	140	100	5000	25000	125000	625000	2600000	7800000	16000000	33000000
783	怨魂秘诀	1	9	中立	修炼时每次增加修为	10	1	140	140	100	5000	25000	125000	625000	2600000	7800000	16000000	33000000
784	冥冬秘诀	2	9	中立	修炼时每次增加修为	10	1	160	160	100	5000	25000	125000	625000	2600000	7800000	16000000	33000000
785	永夜秘诀	3	9	中立	修炼时每次增加修为	10	1	160	160	100	5000	25000	125000	625000	2600000	7800000	16000000	33000000
786	寒冰秘诀	4	9	中立	修炼时每次增加修为	10	1	180	180	100	5000	25000	125000	625000	2600000	7800000	16000000	33000000
787	阿鼻秘诀	5	9	中立	修炼时每次增加修为	10	1	200	200	100	5000	25000	125000	625000	2600000	7800000	16000000	33000000
788	阴阳秘诀	1	9	中立	修炼时每次增加修为	10	1	200	200	100	5000	25000	125000	625000	2600000	7800000	16000000	33000000
789	红莲秘诀	2	9	中立	修炼时每次增加修为	10	1	220	220	100	5000	25000	125000	625000	2600000	7800000	16000000	33000000
790	青莲秘诀	3	9	中立	修炼时每次增加修为	10	1	220	220	100	5000	25000	125000	625000	2600000	7800000	16000000	33000000
791	冥王秘诀	4	9	中立	修炼时每次增加修为	10	1	240	240	100	5000	25000	125000	625000	2600000	7800000	16000000	33000000
792	剧毒秘诀	5	9	邪派	修炼时每次增加修为	10	1	140	140	100	5000	25000	125000	625000	2600000	7800000	16000000	33000000
793	火焰秘诀	1	9	邪派	修炼时每次增加修为	10	1	160	160	100	5000	25000	125000	625000	2600000	7800000	16000000	33000000
794	诅咒秘诀	2	9	邪派	修炼时每次增加修为	10	1	160	160	100	5000	25000	125000	625000	2600000	7800000	16000000	33000000
795	恐惧秘诀	3	9	邪派	修炼时每次增加修为	10	1	160	160	100	5000	25000	125000	625000	2600000	7800000	16000000	33000000
796	深渊秘诀	4	9	邪派	修炼时每次增加修为	10	1	180	180	100	5000	25000	125000	625000	2600000	7800000	16000000	33000000
797	第六天秘诀	5	9	邪派	修炼时每次增加修为	10	1	200	200	100	5000	25000	125000	625000	2600000	7800000	16000000	33000000
798	魅惑秘诀	1	9	邪派	修炼时每次增加修为	10	1	200	200	100	5000	25000	125000	625000	2600000	7800000	16000000	33000000
799	黑暗秘诀	2	9	邪派	修炼时每次增加修为	10	1	200	200	100	5000	25000	125000	625000	2600000	7800000	16000000	33000000
800	毁灭秘诀	3	9	邪派	修炼时每次增加修为	10	1	200	200	100	5000	25000	125000	625000	2600000	7800000	16000000	33000000
801	阿修罗秘诀	4	9	邪派	修炼时每次增加修为	10	1	220	220	100	5000	25000	125000	625000	2600000	7800000	16000000	33000000
802	魔佛秘诀	5	9	邪派	修炼时每次增加修为	10	1	220	220	100	5000	25000	125000	625000	2600000	7800000	16000000	33000000
803	弃天秘诀	1	9	邪派	修炼时每次增加修为	10	1	220	220	100	5000	25000	125000	625000	2600000	7800000	16000000	33000000
804	血魔秘诀	2	9	邪派	修炼时每次增加修为	10	1	220	220	100	5000	25000	125000	625000	2600000	7800000	16000000	33000000
805	大天魔秘诀	3	9	邪派	修炼时每次增加修为	10	1	220	220	100	5000	25000	125000	625000	2600000	7800000	16000000	33000000
806	魔帝秘诀	4	9	邪派	修炼时每次增加修为	10	1	240	240	100	5000	25000	125000	625000	2600000	7800000	16000000	33000000
807	月音秘诀	2	4	中立	修炼时每次增加修为	4	1	15	15	100	5000	25000	125000	625000	2600000	7800000	16000000	33000000
808	阴罗真诀	3	6	邪派	增加自身生命	10	13	650	650	100	5000	25000	125000	625000	2600000	7800000	16000000	33000000
809	罗刹真诀	4	6	邪派	增加自身生命	10	13	650	650	100	5000	25000	125000	625000	2600000	7800000	16000000	33000000
810	七曜真诀	5	6	正派	增加自身生命	10	13	650	650	100	5000	25000	125000	625000	2600000	7800000	16000000	33000000
811	虹月真诀	1	6	正派	增加自身生命	10	13	650	650	100	5000	25000	125000	625000	2600000	7800000	16000000	33000000
812	无量真诀	2	6	正派	增加自身生命	10	13	650	650	100	5000	25000	125000	625000	2600000	7800000	16000000	33000000
813	星月真诀	3	6	邪派	增加自身生命	10	13	650	650	100	5000	25000	125000	625000	2600000	7800000	16000000	33000000
814	朝天真诀	4	6	邪派	增加自身生命	10	13	650	650	100	5000	25000	125000	625000	2600000	7800000	16000000	33000000
815	问道真诀	5	6	中立	增加自身生命	10	13	650	650	100	5000	25000	125000	625000	2600000	7800000	16000000	33000000
816	清虚真诀	1	6	正派	增加自身生命	10	13	650	650	100	5000	25000	125000	625000	2600000	7800000	16000000	33000000
817	剑符真诀	2	6	正派	增加自身生命	10	13	650	650	100	5000	25000	125000	625000	2600000	7800000	16000000	33000000
818	御灵真诀	3	6	正派	增加自身生命	10	13	650	650	100	5000	25000	125000	625000	2600000	7800000	16000000	33000000
819	鬼灵真诀	4	6	邪派	增加自身生命	10	13	650	650	100	5000	25000	125000	625000	2600000	7800000	16000000	33000000
820	迷月真诀	5	6	中立	增加自身生命	10	13	650	650	100	5000	25000	125000	625000	2600000	7800000	16000000	33000000
821	圣水真诀	1	6	中立	增加自身生命	10	13	650	650	100	5000	25000	125000	625000	2600000	7800000	16000000	33000000
822	万花真诀	2	7	中立	增加自身生命	10	13	710	710	100	5000	25000	125000	625000	2600000	7800000	16000000	33000000
823	天星真诀	3	7	正派	增加自身生命	10	13	710	710	100	5000	25000	125000	625000	2600000	7800000	16000000	33000000
824	血魂真诀	4	7	邪派	增加自身生命	10	13	710	710	100	5000	25000	125000	625000	2600000	7800000	16000000	33000000
825	飞羽真诀	5	7	邪派	增加自身生命	10	13	710	710	100	5000	25000	125000	625000	2600000	7800000	16000000	33000000
826	千面真诀	1	7	邪派	增加自身生命	10	13	710	710	100	5000	25000	125000	625000	2600000	7800000	16000000	33000000
827	两仪真诀	2	7	正派	增加自身生命	10	13	710	710	100	5000	25000	125000	625000	2600000	7800000	16000000	33000000
828	灵虚真诀	3	7	正派	增加自身生命	10	13	710	710	100	5000	25000	125000	625000	2600000	7800000	16000000	33000000
829	血河真诀	4	7	邪派	增加自身生命	10	13	710	710	100	5000	25000	125000	625000	2600000	7800000	16000000	33000000
830	烈焰真诀	5	7	邪派	增加自身生命	10	13	710	710	100	5000	25000	125000	625000	2600000	7800000	16000000	33000000
831	玲珑真诀	1	7	正派	增加自身生命	10	13	710	710	100	5000	25000	125000	625000	2600000	7800000	16000000	33000000
832	太上真诀	2	7	中立	增加自身生命	10	13	710	710	100	5000	25000	125000	625000	2600000	7800000	16000000	33000000
833	无名秘诀十一卷	1	10	邪派	修炼时每次增加修为	10	1	130	130	100	5000	25000	125000	625000	2600000	7800000	16000000	33000000
834	无名秘诀第二卷	2	8	邪派	修炼时每次增加修为	10	1	40	40	100	5000	25000	125000	625000	2600000	7800000	16000000	33000000
835	无名秘诀第三卷	3	9	正派	修炼时每次增加修为	10	1	50	50	100	5000	25000	125000	625000	2600000	7800000	16000000	33000000
836	无名秘诀第四卷	4	10	正派	修炼时每次增加修为	10	1	60	60	100	5000	25000	125000	625000	2600000	7800000	16000000	33000000
837	无名秘诀第五卷	5	10	邪派	修炼时每次增加修为	10	1	70	70	100	5000	25000	125000	625000	2600000	7800000	16000000	33000000
838	无名秘诀第六卷	1	10	邪派	修炼时每次增加修为	10	1	80	80	100	5000	25000	125000	625000	2600000	7800000	16000000	33000000
839	无名秘诀第七卷	2	10	邪派	修炼时每次增加修为	10	1	90	90	100	5000	25000	125000	625000	2600000	7800000	16000000	33000000
873	无名秘诀第八卷	3	10	正派	修炼时每次增加修为	10	1	100	100	100	5000	25000	125000	625000	2600000	7800000	16000000	33000000
874	无名秘诀第九卷	4	10	正派	修炼时每次增加修为	10	1	110	110	100	5000	25000	125000	625000	2600000	7800000	16000000	33000000
875	无名秘诀第十卷	5	10	邪派	修炼时每次增加修为	10	1	120	120	100	5000	25000	125000	625000	2600000	7800000	16000000	33000000
876	无名秘诀第一卷	1	7	邪派	修炼时每次增加修为	10	1	30	30	100	5000	25000	125000	625000	2600000	7800000	16000000	33000000
877	无名秘诀十二卷	2	10	邪派	修炼时每次增加修为	10	1	140	140	100	5000	25000	125000	625000	2600000	7800000	16000000	33000000
878	无名秘诀十三卷	3	10	正派	修炼时每次增加修为	10	1	150	150	100	5000	25000	125000	625000	2600000	7800000	16000000	33000000
879	无名秘诀十四卷	4	10	正派	修炼时每次增加修为	10	1	160	160	100	5000	25000	125000	625000	2600000	7800000	16000000	33000000
880	无名秘诀十五卷	5	10	邪派	修炼时每次增加修为	10	1	170	170	100	5000	25000	125000	625000	2600000	7800000	16000000	33000000
881	无名秘诀十六卷	3	10	正派	修炼时每次增加修为	10	1	180	180	100	5000	25000	125000	625000	2600000	7800000	16000000	33000000
882	无名秘诀十七卷	4	10	正派	修炼时每次增加修为	10	1	190	190	100	5000	25000	125000	625000	2600000	7800000	16000000	33000000
883	无名秘诀十八卷	5	10	邪派	修炼时每次增加修为	10	1	200	200	100	5000	25000	125000	625000	2600000	7800000	16000000	33000000
841	长生诀第一卷	5	7	中立	增加自身生命	10	13	650	650	100	5000	25000	125000	625000	2600000	7800000	16000000	33000000
842	长生诀第二卷	1	8	中立	增加自身生命	10	13	750	750	100	5000	25000	125000	625000	2600000	7800000	16000000	33000000
843	长生诀第三卷	2	9	中立	增加自身生命	10	13	850	850	100	5000	25000	125000	625000	2600000	7800000	16000000	33000000
844	长生诀第四卷	3	10	正派	增加自身生命	10	13	950	950	100	5000	25000	125000	625000	2600000	7800000	16000000	33000000
845	长生诀第五卷	4	10	邪派	增加自身生命	10	13	1050	1050	100	5000	25000	125000	625000	2600000	7800000	16000000	33000000
846	长生诀第六卷	5	10	邪派	增加自身生命	10	13	1150	1150	100	5000	25000	125000	625000	2600000	7800000	16000000	33000000
847	长生诀第七卷	1	10	邪派	增加自身生命	10	13	1250	1250	100	5000	25000	125000	625000	2600000	7800000	16000000	33000000
848	长生诀第八卷	2	10	正派	增加自身生命	10	13	1350	1350	100	5000	25000	125000	625000	2600000	7800000	16000000	33000000
849	长生诀第九卷	3	10	正派	增加自身生命	10	13	1450	1450	100	5000	25000	125000	625000	2600000	7800000	16000000	33000000
850	长生诀第十卷	4	10	邪派	增加自身生命	10	13	1550	1550	100	5000	25000	125000	625000	2600000	7800000	16000000	33000000
851	长生诀十一卷	5	10	邪派	增加自身生命	10	13	1650	1650	100	5000	25000	125000	625000	2600000	7800000	16000000	33000000
852	长生诀十二卷	1	10	正派	增加自身生命	10	13	1750	1750	100	5000	25000	125000	625000	2600000	7800000	16000000	33000000
853	长生诀十三卷	2	10	中立	增加自身生命	10	13	1850	1850	100	5000	25000	125000	625000	2600000	7800000	16000000	33000000
854	长生诀十四卷	3	10	正派	增加自身生命	10	13	1950	1950	100	5000	25000	125000	625000	2600000	7800000	16000000	33000000
855	长生诀十五卷	4	10	邪派	增加自身生命	10	13	2050	2050	100	5000	25000	125000	625000	2600000	7800000	16000000	33000000
856	长生诀十六卷	5	10	邪派	增加自身生命	10	13	2150	2150	100	5000	25000	125000	625000	2600000	7800000	16000000	33000000
857	长生诀十七卷	1	10	正派	增加自身生命	10	13	2250	2250	100	5000	25000	125000	625000	2600000	7800000	16000000	33000000
858	长生诀十八卷	2	10	中立	增加自身生命	10	13	2350	2350	100	5000	25000	125000	625000	2600000	7800000	16000000	33000000
859	残阳秘诀	1	1	正派	修炼时每次增加修为	10	1	1	1	100	5000	25000	125000	625000	2600000	7800000	16000000	33000000
860	紫霞神功	2	4	正派	修炼时每次增加修为	10	1	10	10	100	5000	25000	125000	625000	2600000	7800000	16000000	33000000
861	青云秘诀	3	5	正派	修炼时每次增加修为	10	1	100	100	100	5000	25000	125000	625000	2600000	7800000	16000000	33000000
862	残阳聚灵诀	4	1	正派	聚灵阵每次增加灵气	10	2	1	1	100	5000	25000	125000	625000	2600000	7800000	16000000	33000000
863	焚香聚灵诀	5	4	正派	聚灵阵每次增加灵气	10	2	10	10	100	5000	25000	125000	625000	2600000	7800000	16000000	33000000
864	青云聚灵诀	2	5	正派	聚灵阵每次增加灵气	10	2	100	100	100	5000	25000	125000	625000	2600000	7800000	16000000	33000000
865	鬼市秘诀第一卷	3	10	正派	修炼时每次增加修为	10	1	150	150	100	5000	25000	125000	625000	2600000	7800000	16000000	33000000
866	鬼市秘诀第二卷	3	11	正派	修炼时每次增加修为	10	1	200	200	100	5000	25000	125000	625000	2600000	7800000	16000000	33000000
867	鬼市秘诀第三卷	3	12	正派	修炼时每次增加修为	10	1	250	250	100	5000	25000	125000	625000	2600000	7800000	16000000	33000000
868	鬼市秘诀第四卷	3	13	正派	修炼时每次增加修为	10	1	300	300	100	5000	25000	125000	625000	2600000	7800000	16000000	33000000
869	鬼市秘诀第五卷	3	14	正派	修炼时每次增加修为	10	1	350	350	100	5000	25000	125000	625000	2600000	7800000	16000000	33000000
870	鬼市秘诀第六卷	3	15	正派	修炼时每次增加修为	10	1	400	400	100	5000	25000	125000	625000	2600000	7800000	16000000	33000000
871	鬼市秘诀第七卷	3	16	正派	修炼时每次增加修为	10	1	450	450	100	5000	25000	125000	625000	2600000	7800000	16000000	33000000
872	鬼市秘诀第八卷	3	17	正派	修炼时每次增加修为	10	1	500	500	100	5000	25000	125000	625000	2600000	7800000	16000000	33000000
884	鬼市秘诀第九卷	3	18	正派	修炼时每次增加修为	10	1	500	500	100	5000	25000	125000	625000	2600000	7800000	16000000	33000000
885	青云秘诀	3	5	正派	修炼时每次增加修为	10	1	100	100	100	5000	25000	125000	625000	2600000	7800000	16000000	33000000
900	御兽真诀	1	10	正派	可孵化、御使妖族类仙兽。	1	14											
901	御鬼真诀	2	10	邪派	可孵化、御使鬼族类仙兽。	1	14											
902	御魔真诀	3	10	邪派	可孵化、御使魔族类仙兽。	1	14											
903	御海真诀	4	10	中立	可孵化、御使海族类仙兽。	1	14											
904	御龙真诀	5	10	中立	可孵化、御使龙族类仙兽，该秘诀只有男性界主方可掌握。	1	14											
905	御凤真诀	1	10	中立	可孵化、御使凤族类仙兽，该秘诀只有女性界主方可掌握。	1	14											
906	御兽法诀	1	10	中立	凡人即可掌握的功法，可孵化、御使兽族类仙兽。	1	14											
907	万仙真诀	5	7	中立	增加自身生命	10	13	500	500	100	5000	25000	125000	625000	2600000	7800000	16000000	33000000
1001	大衍心法	5	8	正派	增加自身防御	10	5	86	86	100	5000	25000	125000	625000	2600000	7800000	16000000	33000000
1002	星帝心法	5	8	邪派	增加自身防御	10	5	87	87	100	5000	25000	125000	625000	2600000	7800000	16000000	33000000
1003	轮回心法	5	8	邪派	增加自身防御	10	5	88	87	100	5000	25000	125000	625000	2600000	7800000	16000000	33000000
1004	大禅心法	5	8	邪派	增加自身防御	10	5	86	88	100	5000	25000	125000	625000	2600000	7800000	16000000	33000000
1005	镜空心法	3	8	正派	增加自身防御	10	5	87	88	100	5000	25000	125000	625000	2600000	7800000	16000000	33000000
1006	魔月心法	3	8	邪派	增加自身防御	10	5	88	89	100	5000	25000	125000	625000	2600000	7800000	16000000	33000000
1007	天玑心法	3	8	邪派	增加自身防御	10	5	94	94	100	5000	25000	125000	625000	2600000	7800000	16000000	33000000
1008	神禾心法	3	8	邪派	增加自身防御	10	5	100	100	100	5000	25000	125000	625000	2600000	7800000	16000000	33000000
1009	大衍诀	5	8	正派	增加自身攻击	10	4	86	86	100	5000	25000	125000	625000	2600000	7800000	16000000	33000000
1010	星帝诀	1	8	邪派	增加自身攻击	10	4	87	87	100	5000	25000	125000	625000	2600000	7800000	16000000	33000000
1011	轮回诀	2	8	邪派	增加自身攻击	10	4	88	87	100	5000	25000	125000	625000	2600000	7800000	16000000	33000000
1012	大禅诀	3	8	邪派	增加自身攻击	10	4	86	88	100	5000	25000	125000	625000	2600000	7800000	16000000	33000000
1013	镜空诀	4	8	正派	增加自身攻击	10	4	87	88	100	5000	25000	125000	625000	2600000	7800000	16000000	33000000
1014	魔月诀	5	8	邪派	增加自身攻击	10	4	88	89	100	5000	25000	125000	625000	2600000	7800000	16000000	33000000
1015	天玑诀	1	8	邪派	增加自身攻击	10	4	94	94	100	5000	25000	125000	625000	2600000	7800000	16000000	33000000
1016	神禾诀	2	8	邪派	增加自身攻击	10	4	100	100	100	5000	25000	125000	625000	2600000	7800000	16000000	33000000
1017	大衍遁术	3	8	正派	增加自身速度	10	3	86	86	100	5000	25000	125000	625000	2600000	7800000	16000000	33000000
1018	星帝遁术	4	8	邪派	增加自身速度	10	3	87	87	100	5000	25000	125000	625000	2600000	7800000	16000000	33000000
1019	轮回遁术	5	8	邪派	增加自身速度	10	3	88	87	100	5000	25000	125000	625000	2600000	7800000	16000000	33000000
1020	大禅遁术	1	8	邪派	增加自身速度	10	3	86	88	100	5000	25000	125000	625000	2600000	7800000	16000000	33000000
1021	镜空遁术	2	8	正派	增加自身速度	10	3	87	88	100	5000	25000	125000	625000	2600000	7800000	16000000	33000000
1022	魔月遁术	3	8	邪派	增加自身速度	10	3	88	89	100	5000	25000	125000	625000	2600000	7800000	16000000	33000000
1023	天玑遁术	4	8	邪派	增加自身速度	10	3	94	94	100	5000	25000	125000	625000	2600000	7800000	16000000	33000000
1024	神禾遁术	5	8	邪派	增加自身速度	10	3	100	100	100	5000	25000	125000	625000	2600000	7800000	16000000	33000000
1025	大衍身法	1	8	正派	增加自身闪避	10	10	86	86	100	5000	25000	125000	625000	2600000	7800000	16000000	33000000
1026	星帝身法	2	8	邪派	增加自身闪避	10	10	87	87	100	5000	25000	125000	625000	2600000	7800000	16000000	33000000
1027	轮回身法	3	8	邪派	增加自身闪避	10	10	88	87	100	5000	25000	125000	625000	2600000	7800000	16000000	33000000
1028	大禅身法	4	8	邪派	增加自身闪避	10	10	86	88	100	5000	25000	125000	625000	2600000	7800000	16000000	33000000
1029	镜空身法	5	8	正派	增加自身闪避	10	10	87	88	100	5000	25000	125000	625000	2600000	7800000	16000000	33000000
1030	魔月身法	1	8	邪派	增加自身闪避	10	10	88	89	100	5000	25000	125000	625000	2600000	7800000	16000000	33000000
1031	天玑身法	2	8	邪派	增加自身闪避	10	10	94	94	100	5000	25000	125000	625000	2600000	7800000	16000000	33000000
1032	神禾身法	3	8	邪派	增加自身闪避	10	10	100	100	100	5000	25000	125000	625000	2600000	7800000	16000000	33000000
1033	大衍真诀	3	8	正派	增加自身生命	10	13	500	500	100	5000	25000	125000	625000	2600000	7800000	16000000	33000000
1034	星帝真诀	4	8	邪派	增加自身生命	10	13	500	500	100	5000	25000	125000	625000	2600000	7800000	16000000	33000000
1035	轮回真诀	5	8	邪派	增加自身生命	10	13	500	500	100	5000	25000	125000	625000	2600000	7800000	16000000	33000000
1036	大禅真诀	1	8	邪派	增加自身生命	10	13	500	500	100	5000	25000	125000	625000	2600000	7800000	16000000	33000000
1037	镜空真诀	2	8	正派	增加自身生命	10	13	500	500	100	5000	25000	125000	625000	2600000	7800000	16000000	33000000
1038	魔月真诀	3	8	邪派	增加自身生命	10	13	500	500	100	5000	25000	125000	625000	2600000	7800000	16000000	33000000
1039	天玑真诀	4	8	邪派	增加自身生命	10	13	500	500	100	5000	25000	125000	625000	2600000	7800000	16000000	33000000
1040	神禾真诀	5	8	邪派	增加自身生命	10	13	500	500	100	5000	25000	125000	625000	2600000	7800000	16000000	33000000
1041	大衍秘诀	3	8	正派	修炼时每次增加修为	8	1	35	35	100	5000	25000	125000	625000	2600000	7800000	16000000	33000000
1042	星帝秘诀	4	8	邪派	修炼时每次增加修为	8	1	35	35	100	5000	25000	125000	625000	2600000	7800000	16000000	33000000
1043	轮回秘诀	3	8	邪派	修炼时每次增加修为	8	1	35	35	100	5000	25000	125000	625000	2600000	7800000	16000000	33000000
1044	大禅秘诀	4	8	邪派	修炼时每次增加修为	8	1	35	35	100	5000	25000	125000	625000	2600000	7800000	16000000	33000000
1045	镜空秘诀	3	8	正派	修炼时每次增加修为	8	1	35	35	100	5000	25000	125000	625000	2600000	7800000	16000000	33000000
1046	魔月秘诀	4	8	邪派	修炼时每次增加修为	8	1	35	35	100	5000	25000	125000	625000	2600000	7800000	16000000	33000000
1047	天玑秘诀	3	8	邪派	修炼时每次增加修为	8	1	35	35	100	5000	25000	125000	625000	2600000	7800000	16000000	33000000
1048	神禾秘诀	4	8	邪派	修炼时每次增加修为	8	1	35	35	100	5000	25000	125000	625000	2600000	7800000	16000000	33000000
1049	魔月大法	2	2	邪派	增加自身暴击	10	11	100	100	100	5000	25000	125000	625000	2600000	7800000	16000000	33000000
1050	[真]长生诀第一卷	5	7	中立	增加自身生命	10	13	2400	2400	100	5000	25000	125000	625000	2600000	7800000	16000000	33000000
1051	[真]长生诀第二卷	1	8	中立	增加自身生命	10	13	2401	2400	100	5000	25000	125000	625000	2600000	7800000	16000000	33000000
1052	[真]长生诀第三卷	2	9	中立	增加自身生命	10	13	2402	2400	100	5000	25000	125000	625000	2600000	7800000	16000000	33000000
1053	[真]长生诀第四卷	3	10	正派	增加自身生命	10	13	2403	2400	100	5000	25000	125000	625000	2600000	7800000	16000000	33000000
1054	[真]长生诀第五卷	4	10	邪派	增加自身生命	10	13	2404	2400	100	5000	25000	125000	625000	2600000	7800000	16000000	33000000
1055	[真]长生诀第六卷	5	10	邪派	增加自身生命	10	13	2405	2400	100	5000	25000	125000	625000	2600000	7800000	16000000	33000000
1056	[真]长生诀第七卷	1	10	邪派	增加自身生命	10	13	2406	2400	100	5000	25000	125000	625000	2600000	7800000	16000000	33000000
1057	[真]长生诀第八卷	2	10	正派	增加自身生命	10	13	2407	2400	100	5000	25000	125000	625000	2600000	7800000	16000000	33000000
1058	[真]长生诀第九卷	3	10	正派	增加自身生命	10	13	2408	2400	100	5000	25000	125000	625000	2600000	7800000	16000000	33000000
1059	[真]长生诀第十卷	4	10	邪派	增加自身生命	10	13	2409	2400	100	5000	25000	125000	625000	2600000	7800000	16000000	33000000
1060	[真]长生诀十一卷	5	10	邪派	增加自身生命	10	13	2410	2400	100	5000	25000	125000	625000	2600000	7800000	16000000	33000000
1061	[真]长生诀十二卷	1	10	正派	增加自身生命	10	13	2411	2400	100	5000	25000	125000	625000	2600000	7800000	16000000	33000000
1062	[真]长生诀十三卷	2	10	中立	增加自身生命	10	13	2412	2400	100	5000	25000	125000	625000	2600000	7800000	16000000	33000000
1063	[真]长生诀十四卷	3	10	正派	增加自身生命	10	13	2413	2400	100	5000	25000	125000	625000	2600000	7800000	16000000	33000000
1064	[真]长生诀十五卷	4	10	邪派	增加自身生命	10	13	2414	2400	100	5000	25000	125000	625000	2600000	7800000	16000000	33000000
1065	[真]长生诀十六卷	5	10	邪派	增加自身生命	10	13	2415	2400	100	5000	25000	125000	625000	2600000	7800000	16000000	33000000
1066	[真]长生诀十七卷	1	10	正派	增加自身生命	10	13	2416	2400	100	5000	25000	125000	625000	2600000	7800000	16000000	33000000
1067	[真]长生诀十八卷	2	10	中立	增加自身生命	10	13	2417	2400	100	5000	25000	125000	625000	2600000	7800000	16000000	33000000
1068	[玄]长生诀第一卷	5	7	中立	增加自身生命	10	13	2418	2450	100	5000	25000	125000	625000	2600000	7800000	16000000	33000000
1069	[玄]长生诀第二卷	1	8	中立	增加自身生命	10	13	2419	2450	100	5000	25000	125000	625000	2600000	7800000	16000000	33000000
1070	[玄]长生诀第三卷	2	9	中立	增加自身生命	10	13	2420	2450	100	5000	25000	125000	625000	2600000	7800000	16000000	33000000
1071	[玄]长生诀第四卷	3	10	正派	增加自身生命	10	13	2421	2450	100	5000	25000	125000	625000	2600000	7800000	16000000	33000000
1072	[玄]长生诀第五卷	4	10	邪派	增加自身生命	10	13	2422	2450	100	5000	25000	125000	625000	2600000	7800000	16000000	33000000
1073	[玄]长生诀第六卷	5	10	邪派	增加自身生命	10	13	2423	2450	100	5000	25000	125000	625000	2600000	7800000	16000000	33000000
1074	[玄]长生诀第七卷	1	10	邪派	增加自身生命	10	13	2424	2450	100	5000	25000	125000	625000	2600000	7800000	16000000	33000000
1075	[玄]长生诀第八卷	2	10	正派	增加自身生命	10	13	2425	2450	100	5000	25000	125000	625000	2600000	7800000	16000000	33000000
1076	[玄]长生诀第九卷	3	10	正派	增加自身生命	10	13	2426	2450	100	5000	25000	125000	625000	2600000	7800000	16000000	33000000
1077	[玄]长生诀第十卷	4	10	邪派	增加自身生命	10	13	2427	2450	100	5000	25000	125000	625000	2600000	7800000	16000000	33000000
1078	[玄]长生诀十一卷	5	10	邪派	增加自身生命	10	13	2428	2450	100	5000	25000	125000	625000	2600000	7800000	16000000	33000000
1079	[玄]长生诀十二卷	1	10	正派	增加自身生命	10	13	2429	2450	100	5000	25000	125000	625000	2600000	7800000	16000000	33000000
1080	[玄]长生诀十三卷	2	10	中立	增加自身生命	10	13	2430	2450	100	5000	25000	125000	625000	2600000	7800000	16000000	33000000
1081	[玄]长生诀十四卷	3	10	正派	增加自身生命	10	13	2431	2450	100	5000	25000	125000	625000	2600000	7800000	16000000	33000000
1082	[玄]长生诀十五卷	4	10	邪派	增加自身生命	10	13	2432	2450	100	5000	25000	125000	625000	2600000	7800000	16000000	33000000
1083	[玄]长生诀十六卷	5	10	邪派	增加自身生命	10	13	2433	2450	100	5000	25000	125000	625000	2600000	7800000	16000000	33000000
1084	[玄]长生诀十七卷	1	10	正派	增加自身生命	10	13	2434	2450	100	5000	25000	125000	625000	2600000	7800000	16000000	33000000
1085	[玄]长生诀十八卷	2	10	中立	增加自身生命	10	13	2435	2450	100	5000	25000	125000	625000	2600000	7800000	16000000	33000000
1086	[真]无名秘诀第一卷	1	10	邪派	修炼时每次增加修为	10	1	201	200	100	5000	25000	125000	625000	2600000	7800000	16000000	33000000
1087	[真]无名秘诀第二卷	2	8	邪派	修炼时每次增加修为	10	1	202	200	100	5000	25000	125000	625000	2600000	7800000	16000000	33000000
1088	[真]无名秘诀第三卷	3	9	正派	修炼时每次增加修为	10	1	203	200	100	5000	25000	125000	625000	2600000	7800000	16000000	33000000
1089	[真]无名秘诀第四卷	4	10	正派	修炼时每次增加修为	10	1	204	200	100	5000	25000	125000	625000	2600000	7800000	16000000	33000000
1090	[真]无名秘诀第五卷	5	10	邪派	修炼时每次增加修为	10	1	205	200	100	5000	25000	125000	625000	2600000	7800000	16000000	33000000
1091	[真]无名秘诀第六卷	1	10	邪派	修炼时每次增加修为	10	1	206	200	100	5000	25000	125000	625000	2600000	7800000	16000000	33000000
1092	[真]无名秘诀第七卷	2	10	邪派	修炼时每次增加修为	10	1	207	200	100	5000	25000	125000	625000	2600000	7800000	16000000	33000000
1093	[真]无名秘诀第八卷	3	10	正派	修炼时每次增加修为	10	1	208	200	100	5000	25000	125000	625000	2600000	7800000	16000000	33000000
1094	[真]无名秘诀第九卷	4	10	正派	修炼时每次增加修为	10	1	209	200	100	5000	25000	125000	625000	2600000	7800000	16000000	33000000
1095	[真]无名秘诀第十卷	5	10	邪派	修炼时每次增加修为	10	1	210	200	100	5000	25000	125000	625000	2600000	7800000	16000000	33000000
1096	[真]无名秘诀十一卷	1	7	邪派	修炼时每次增加修为	10	1	211	200	100	5000	25000	125000	625000	2600000	7800000	16000000	33000000
1097	[真]无名秘诀十二卷	2	10	邪派	修炼时每次增加修为	10	1	212	200	100	5000	25000	125000	625000	2600000	7800000	16000000	33000000
1098	[真]无名秘诀十三卷	3	10	正派	修炼时每次增加修为	10	1	213	200	100	5000	25000	125000	625000	2600000	7800000	16000000	33000000
1099	[真]无名秘诀十四卷	4	10	正派	修炼时每次增加修为	10	1	214	200	100	5000	25000	125000	625000	2600000	7800000	16000000	33000000
1100	[真]无名秘诀十五卷	5	10	邪派	修炼时每次增加修为	10	1	215	200	100	5000	25000	125000	625000	2600000	7800000	16000000	33000000
1101	[真]无名秘诀十六卷	3	10	正派	修炼时每次增加修为	10	1	216	200	100	5000	25000	125000	625000	2600000	7800000	16000000	33000000
1102	[真]无名秘诀十七卷	4	10	正派	修炼时每次增加修为	10	1	217	200	100	5000	25000	125000	625000	2600000	7800000	16000000	33000000
1103	[真]无名秘诀十八卷	5	10	邪派	修炼时每次增加修为	10	1	218	200	100	5000	25000	125000	625000	2600000	7800000	16000000	33000000
1104	[玄]无名秘诀第一卷	1	10	邪派	修炼时每次增加修为	10	1	219	210	100	5000	25000	125000	625000	2600000	7800000	16000000	33000000
1105	[玄]无名秘诀第二卷	2	8	邪派	修炼时每次增加修为	10	1	220	210	100	5000	25000	125000	625000	2600000	7800000	16000000	33000000
1106	[玄]无名秘诀第三卷	3	9	正派	修炼时每次增加修为	10	1	221	210	100	5000	25000	125000	625000	2600000	7800000	16000000	33000000
1107	[玄]无名秘诀第四卷	4	10	正派	修炼时每次增加修为	10	1	222	210	100	5000	25000	125000	625000	2600000	7800000	16000000	33000000
1108	[玄]无名秘诀第五卷	5	10	邪派	修炼时每次增加修为	10	1	223	210	100	5000	25000	125000	625000	2600000	7800000	16000000	33000000
1109	[玄]无名秘诀第六卷	1	10	邪派	修炼时每次增加修为	10	1	224	210	100	5000	25000	125000	625000	2600000	7800000	16000000	33000000
1110	[玄]无名秘诀第七卷	2	10	邪派	修炼时每次增加修为	10	1	225	210	100	5000	25000	125000	625000	2600000	7800000	16000000	33000000
1111	[玄]无名秘诀第八卷	3	10	正派	修炼时每次增加修为	10	1	226	210	100	5000	25000	125000	625000	2600000	7800000	16000000	33000000
1112	[玄]无名秘诀第九卷	4	10	正派	修炼时每次增加修为	10	1	227	210	100	5000	25000	125000	625000	2600000	7800000	16000000	33000000
1113	[玄]无名秘诀第十卷	5	10	邪派	修炼时每次增加修为	10	1	228	210	100	5000	25000	125000	625000	2600000	7800000	16000000	33000000
1114	[玄]无名秘诀十一卷	1	7	邪派	修炼时每次增加修为	10	1	229	210	100	5000	25000	125000	625000	2600000	7800000	16000000	33000000
1115	[玄]无名秘诀十二卷	2	10	邪派	修炼时每次增加修为	10	1	230	210	100	5000	25000	125000	625000	2600000	7800000	16000000	33000000
1116	[玄]无名秘诀十三卷	3	10	正派	修炼时每次增加修为	10	1	231	210	100	5000	25000	125000	625000	2600000	7800000	16000000	33000000
1117	[玄]无名秘诀十四卷	4	10	正派	修炼时每次增加修为	10	1	232	210	100	5000	25000	125000	625000	2600000	7800000	16000000	33000000
1118	[玄]无名秘诀十五卷	5	10	邪派	修炼时每次增加修为	10	1	233	210	100	5000	25000	125000	625000	2600000	7800000	16000000	33000000
1119	[玄]无名秘诀十六卷	3	10	正派	修炼时每次增加修为	10	1	234	210	100	5000	25000	125000	625000	2600000	7800000	16000000	33000000
1120	[玄]无名秘诀十七卷	4	10	正派	修炼时每次增加修为	10	1	235	210	100	5000	25000	125000	625000	2600000	7800000	16000000	33000000
1121	[玄]无名秘诀十八卷	5	10	邪派	修炼时每次增加修为	10	1	236	210	100	5000	25000	125000	625000	2600000	7800000	16000000	33000000
1122	太一心法	5	10	正派	增加自身防御	10	5	120	120	100	2000000	3000000	4000000	5000000	6000000	7800000	16000000	33000000
1123	太初心法	5	10	邪派	增加自身防御	10	5	121	121	100	2000000	3000000	4000000	5000000	6000000	7800000	16000000	33000000
1124	太玄心法	5	10	邪派	增加自身防御	10	5	122	122	100	2000000	3000000	4000000	5000000	6000000	7800000	16000000	33000000
1125	太真心法	5	10	邪派	增加自身防御	10	5	123	123	100	2000000	3000000	4000000	5000000	6000000	7800000	16000000	33000000
1126	太平心法	3	10	正派	增加自身防御	10	5	124	124	100	2000000	3000000	4000000	5000000	6000000	7800000	16000000	33000000
1127	太黄心法	3	10	邪派	增加自身防御	10	5	125	125	100	2000000	3000000	4000000	5000000	6000000	7800000	16000000	33000000
1128	太乙心法	3	10	邪派	增加自身防御	10	5	126	126	100	2000000	3000000	4000000	5000000	6000000	7800000	16000000	33000000
1129	太元心法	3	10	邪派	增加自身防御	10	5	127	127	100	2000000	3000000	4000000	5000000	6000000	7800000	16000000	33000000
1130	太和心法	5	10	正派	增加自身防御	10	5	128	128	100	2000000	3000000	4000000	5000000	6000000	7800000	16000000	33000000
1131	南天心法	5	11	邪派	增加自身防御	10	5	130	130	100	2000000	3000000	4000000	5000000	6000000	7800000	16000000	33000000
1132	北天心法	5	11	邪派	增加自身防御	10	5	131	131	100	2000000	3000000	4000000	5000000	6000000	7800000	16000000	33000000
1133	东天心法	5	11	邪派	增加自身防御	10	5	132	132	100	2000000	3000000	4000000	5000000	6000000	7800000	16000000	33000000
1134	西天心法	3	11	正派	增加自身防御	10	5	133	133	100	2000000	3000000	4000000	5000000	6000000	7800000	16000000	33000000
1135	玉虚心法	3	11	邪派	增加自身防御	10	5	134	134	100	2000000	3000000	4000000	5000000	6000000	7800000	16000000	33000000
1136	隐仙心法	3	11	邪派	增加自身防御	10	5	135	135	100	2000000	3000000	4000000	5000000	6000000	7800000	16000000	33000000
1137	净乐心法	3	11	邪派	增加自身防御	10	5	136	136	100	2000000	3000000	4000000	5000000	6000000	7800000	16000000	33000000
1138	上清心法	3	11	邪派	增加自身防御	10	5	137	137	100	2000000	3000000	4000000	5000000	6000000	7800000	16000000	33000000
1139	太一诀	5	10	正派	增加自身攻击	10	4	120	120	100	2000000	3000000	4000000	5000000	6000000	7800000	16000000	33000000
1140	太初诀	1	10	邪派	增加自身攻击	10	4	121	121	100	2000000	3000000	4000000	5000000	6000000	7800000	16000000	33000000
1141	太玄诀	2	10	邪派	增加自身攻击	10	4	122	122	100	2000000	3000000	4000000	5000000	6000000	7800000	16000000	33000000
1142	太真诀	3	10	邪派	增加自身攻击	10	4	123	123	100	2000000	3000000	4000000	5000000	6000000	7800000	16000000	33000000
1143	太平诀	4	10	正派	增加自身攻击	10	4	124	124	100	2000000	3000000	4000000	5000000	6000000	7800000	16000000	33000000
1144	太黄诀	5	10	邪派	增加自身攻击	10	4	125	125	100	2000000	3000000	4000000	5000000	6000000	7800000	16000000	33000000
1145	太乙诀	1	10	邪派	增加自身攻击	10	4	126	126	100	2000000	3000000	4000000	5000000	6000000	7800000	16000000	33000000
1146	太元诀	2	10	邪派	增加自身攻击	10	4	127	127	100	2000000	3000000	4000000	5000000	6000000	7800000	16000000	33000000
1147	太和诀	5	10	正派	增加自身攻击	10	4	128	128	100	2000000	3000000	4000000	5000000	6000000	7800000	16000000	33000000
1148	南天诀	1	11	邪派	增加自身攻击	10	4	130	130	100	2000000	3000000	4000000	5000000	6000000	7800000	16000000	33000000
1149	北天诀	2	11	邪派	增加自身攻击	10	4	131	131	100	2000000	3000000	4000000	5000000	6000000	7800000	16000000	33000000
1150	东天诀	3	11	邪派	增加自身攻击	10	4	132	132	100	2000000	3000000	4000000	5000000	6000000	7800000	16000000	33000000
1151	西天诀	4	11	正派	增加自身攻击	10	4	133	133	100	2000000	3000000	4000000	5000000	6000000	7800000	16000000	33000000
1152	玉虚诀	5	11	邪派	增加自身攻击	10	4	134	134	100	2000000	3000000	4000000	5000000	6000000	7800000	16000000	33000000
1153	隐仙诀	1	11	邪派	增加自身攻击	10	4	135	135	100	2000000	3000000	4000000	5000000	6000000	7800000	16000000	33000000
1154	净乐诀	5	11	邪派	增加自身攻击	10	4	136	136	100	2000000	3000000	4000000	5000000	6000000	7800000	16000000	33000000
1155	上清诀	1	11	邪派	增加自身攻击	10	4	137	137	100	2000000	3000000	4000000	5000000	6000000	7800000	16000000	33000000
1156	太一遁术	3	10	正派	增加自身速度	10	3	120	120	100	2000000	3000000	4000000	5000000	6000000	7800000	16000000	33000000
1157	太初遁术	4	10	邪派	增加自身速度	10	3	121	121	100	2000000	3000000	4000000	5000000	6000000	7800000	16000000	33000000
1158	太玄遁术	5	10	邪派	增加自身速度	10	3	122	122	100	2000000	3000000	4000000	5000000	6000000	7800000	16000000	33000000
1159	太真遁术	1	10	邪派	增加自身速度	10	3	123	123	100	2000000	3000000	4000000	5000000	6000000	7800000	16000000	33000000
1160	太平遁术	2	10	正派	增加自身速度	10	3	124	124	100	2000000	3000000	4000000	5000000	6000000	7800000	16000000	33000000
1161	太黄遁术	3	10	邪派	增加自身速度	10	3	125	125	100	2000000	3000000	4000000	5000000	6000000	7800000	16000000	33000000
1162	太乙遁术	4	10	邪派	增加自身速度	10	3	126	126	100	2000000	3000000	4000000	5000000	6000000	7800000	16000000	33000000
1163	太元遁术	3	10	正派	增加自身速度	10	3	127	127	100	2000000	3000000	4000000	5000000	6000000	7800000	16000000	33000000
1164	太和遁术	4	10	邪派	增加自身速度	10	3	128	128	100	2000000	3000000	4000000	5000000	6000000	7800000	16000000	33000000
1165	南天遁术	5	11	邪派	增加自身速度	10	3	130	130	100	2000000	3000000	4000000	5000000	6000000	7800000	16000000	33000000
1166	北天遁术	1	11	邪派	增加自身速度	10	3	131	131	100	2000000	3000000	4000000	5000000	6000000	7800000	16000000	33000000
1167	东天遁术	2	11	正派	增加自身速度	10	3	132	132	100	2000000	3000000	4000000	5000000	6000000	7800000	16000000	33000000
1168	西天遁术	3	11	邪派	增加自身速度	10	3	133	133	100	2000000	3000000	4000000	5000000	6000000	7800000	16000000	33000000
1169	玉虚遁术	4	11	邪派	增加自身速度	10	3	134	134	100	2000000	3000000	4000000	5000000	6000000	7800000	16000000	33000000
1170	隐仙遁术	5	11	邪派	增加自身速度	10	3	135	135	100	2000000	3000000	4000000	5000000	6000000	7800000	16000000	33000000
1171	净乐遁术	4	11	邪派	增加自身速度	10	3	136	136	100	2000000	3000000	4000000	5000000	6000000	7800000	16000000	33000000
1172	上清遁术	5	11	邪派	增加自身速度	10	3	137	137	100	2000000	3000000	4000000	5000000	6000000	7800000	16000000	33000000
1173	太一身法	1	10	正派	增加自身闪避	10	10	120	120	100	2000000	3000000	4000000	5000000	6000000	7800000	16000000	33000000
1174	太初身法	2	10	邪派	增加自身闪避	10	10	121	121	100	2000000	3000000	4000000	5000000	6000000	7800000	16000000	33000000
1175	太玄身法	3	10	邪派	增加自身闪避	10	10	122	122	100	2000000	3000000	4000000	5000000	6000000	7800000	16000000	33000000
1176	太真身法	4	10	邪派	增加自身闪避	10	10	123	123	100	2000000	3000000	4000000	5000000	6000000	7800000	16000000	33000000
1177	太平身法	5	10	正派	增加自身闪避	10	10	124	124	100	2000000	3000000	4000000	5000000	6000000	7800000	16000000	33000000
1178	太黄身法	1	10	邪派	增加自身闪避	10	10	125	125	100	2000000	3000000	4000000	5000000	6000000	7800000	16000000	33000000
1179	太乙身法	2	10	邪派	增加自身闪避	10	10	126	126	100	2000000	3000000	4000000	5000000	6000000	7800000	16000000	33000000
1180	太元身法	1	10	正派	增加自身闪避	10	10	127	127	100	2000000	3000000	4000000	5000000	6000000	7800000	16000000	33000000
1181	太和身法	2	10	邪派	增加自身闪避	10	10	128	128	100	2000000	3000000	4000000	5000000	6000000	7800000	16000000	33000000
1182	南天身法	3	11	邪派	增加自身闪避	10	10	130	130	100	2000000	3000000	4000000	5000000	6000000	7800000	16000000	33000000
1183	北天身法	4	11	邪派	增加自身闪避	10	10	131	131	100	2000000	3000000	4000000	5000000	6000000	7800000	16000000	33000000
1184	东天身法	5	11	正派	增加自身闪避	10	10	132	132	100	2000000	3000000	4000000	5000000	6000000	7800000	16000000	33000000
1185	西天身法	1	11	邪派	增加自身闪避	10	10	133	133	100	2000000	3000000	4000000	5000000	6000000	7800000	16000000	33000000
1186	玉虚身法	5	11	正派	增加自身闪避	10	10	134	134	100	2000000	3000000	4000000	5000000	6000000	7800000	16000000	33000000
1187	隐仙身法	1	11	邪派	增加自身闪避	10	10	135	135	100	2000000	3000000	4000000	5000000	6000000	7800000	16000000	33000000
1188	净乐身法	2	11	邪派	增加自身闪避	10	10	136	136	100	2000000	3000000	4000000	5000000	6000000	7800000	16000000	33000000
1189	上清身法	3	11	邪派	增加自身闪避	10	10	137	137	100	2000000	3000000	4000000	5000000	6000000	7800000	16000000	33000000
1190	太一真诀	3	10	正派	增加自身生命	10	13	550	550	100	2000000	3000000	4000000	5000000	6000000	7800000	16000000	33000000
1191	太初真诀	4	10	邪派	增加自身生命	10	13	550	550	100	2000000	3000000	4000000	5000000	6000000	7800000	16000000	33000000
1192	太玄真诀	5	10	邪派	增加自身生命	10	13	550	550	100	2000000	3000000	4000000	5000000	6000000	7800000	16000000	33000000
1193	太真真诀	1	10	邪派	增加自身生命	10	13	550	550	100	2000000	3000000	4000000	5000000	6000000	7800000	16000000	33000000
1194	太平真诀	2	10	正派	增加自身生命	10	13	550	550	100	2000000	3000000	4000000	5000000	6000000	7800000	16000000	33000000
1195	太黄真诀	3	10	邪派	增加自身生命	10	13	550	550	100	2000000	3000000	4000000	5000000	6000000	7800000	16000000	33000000
1196	太乙真诀	4	10	邪派	增加自身生命	10	13	550	550	100	2000000	3000000	4000000	5000000	6000000	7800000	16000000	33000000
1197	太元真诀	3	10	正派	增加自身生命	10	13	550	550	100	2000000	3000000	4000000	5000000	6000000	7800000	16000000	33000000
1198	太和真诀	4	10	邪派	增加自身生命	10	13	550	550	100	2000000	3000000	4000000	5000000	6000000	7800000	16000000	33000000
1199	南天真诀	5	11	邪派	增加自身生命	10	13	600	600	100	2000000	3000000	4000000	5000000	6000000	7800000	16000000	33000000
1200	北天真诀	1	11	邪派	增加自身生命	10	13	600	600	100	2000000	3000000	4000000	5000000	6000000	7800000	16000000	33000000
1201	东天真诀	2	11	正派	增加自身生命	10	13	600	600	100	2000000	3000000	4000000	5000000	6000000	7800000	16000000	33000000
1202	西天真诀	1	11	邪派	增加自身生命	10	13	600	600	100	2000000	3000000	4000000	5000000	6000000	7800000	16000000	33000000
1203	玉虚真诀	2	11	正派	增加自身生命	10	13	600	600	100	2000000	3000000	4000000	5000000	6000000	7800000	16000000	33000000
1204	隐仙真诀	3	11	邪派	增加自身生命	10	13	600	600	100	2000000	3000000	4000000	5000000	6000000	7800000	16000000	33000000
1205	净乐真诀	4	11	邪派	增加自身生命	10	13	600	600	100	2000000	3000000	4000000	5000000	6000000	7800000	16000000	33000000
1206	上清真诀	5	11	邪派	增加自身生命	10	13	600	600	100	2000000	3000000	4000000	5000000	6000000	7800000	16000000	33000000
1207	太一秘诀	3	10	正派	修炼时每次增加修为	10	1	110	110	100	2000000	3000000	4000000	5000000	6000000	7800000	16000000	33000000
1208	太初秘诀	4	10	邪派	修炼时每次增加修为	10	1	110	110	100	2000000	3000000	4000000	5000000	6000000	7800000	16000000	33000000
1209	太玄秘诀	3	10	邪派	修炼时每次增加修为	10	1	110	110	100	2000000	3000000	4000000	5000000	6000000	7800000	16000000	33000000
1210	太真秘诀	4	10	邪派	修炼时每次增加修为	10	1	110	110	100	2000000	3000000	4000000	5000000	6000000	7800000	16000000	33000000
1211	太平秘诀	3	10	正派	修炼时每次增加修为	10	1	110	110	100	2000000	3000000	4000000	5000000	6000000	7800000	16000000	33000000
1212	太黄秘诀	4	10	邪派	修炼时每次增加修为	10	1	110	110	100	2000000	3000000	4000000	5000000	6000000	7800000	16000000	33000000
1213	太乙秘诀	3	10	邪派	修炼时每次增加修为	10	1	110	110	100	2000000	3000000	4000000	5000000	6000000	7800000	16000000	33000000
1214	太元秘诀	3	10	正派	修炼时每次增加修为	10	1	110	110	100	2000000	3000000	4000000	5000000	6000000	7800000	16000000	33000000
1215	太和秘诀	3	10	邪派	修炼时每次增加修为	10	1	110	110	100	2000000	3000000	4000000	5000000	6000000	7800000	16000000	33000000
1216	南天秘诀	3	11	正派	修炼时每次增加修为	10	1	130	130	100	2000000	3000000	4000000	5000000	6000000	7800000	16000000	33000000
1217	北天秘诀	4	11	邪派	修炼时每次增加修为	10	1	130	130	100	2000000	3000000	4000000	5000000	6000000	7800000	16000000	33000000
1218	东天秘诀	3	11	邪派	修炼时每次增加修为	10	1	130	130	100	2000000	3000000	4000000	5000000	6000000	7800000	16000000	33000000
1219	西天秘诀	4	11	邪派	修炼时每次增加修为	10	1	130	130	100	2000000	3000000	4000000	5000000	6000000	7800000	16000000	33000000
1220	玉虚秘诀	3	11	正派	修炼时每次增加修为	10	1	130	130	100	2000000	3000000	4000000	5000000	6000000	7800000	16000000	33000000
1221	隐仙秘诀	4	11	邪派	修炼时每次增加修为	10	1	130	130	100	2000000	3000000	4000000	5000000	6000000	7800000	16000000	33000000
1222	净乐秘诀	3	11	邪派	修炼时每次增加修为	10	1	130	130	100	2000000	3000000	4000000	5000000	6000000	7800000	16000000	33000000
1223	上清秘诀	4	11	邪派	修炼时每次增加修为	10	1	130	130	100	2000000	3000000	4000000	5000000	6000000	7800000	16000000	33000000
