level_XBXXZ	name_XBXXZ	nextexp_XBXXZ	defence_XBXXZ	maxhp_XBXXZ	pkscore_XBXXZ
1	凡人之躯1阶	1000	5	4	10
2	凡人之躯2阶	2755	10	8	20
3	凡人之躯3阶	5455	15	12	30
4	凡人之躯4阶	9280	20	16	40
5	凡人之躯5阶	14410	25	20	50
6	凡人之躯6阶	21025	30	24	60
7	凡人之躯7阶	29305	35	28	70
8	凡人之躯8阶	39430	40	32	80
9	凡人之躯9阶	51580	45	36	90
10	凡人之躯10阶	67240	55	44	110
11	钢筋铁骨1阶	88165	65	780	130
12	钢筋铁骨2阶	123265	75	900	150
13	钢筋铁骨3阶	179965	85	1020	170
14	钢筋铁骨4阶	262765	95	1140	190
15	钢筋铁骨5阶	376165	105	1260	210
16	钢筋铁骨6阶	524665	115	1380	230
17	钢筋铁骨7阶	712765	125	1500	250
18	钢筋铁骨8阶	944965	135	1620	270
19	钢筋铁骨9阶	1225765	145	1740	290
20	钢筋铁骨10阶	1631215	160	1920	320
21	力抵百牛1阶	2179315	175	2800	350
22	力抵百牛2阶	2944315	190	3040	380
23	力抵百牛3阶	3962215	205	3280	410
24	力抵百牛4阶	5269015	220	3520	440
25	力抵百牛5阶	6900715	235	3760	470
26	力抵百牛6阶	8893315	250	4000	500
27	力抵百牛7阶	11282815	265	4240	530
28	力抵百牛8阶	14105215	280	4480	560
29	力抵百牛9阶	17396515	295	4720	590
30	力抵百牛10阶	21459115	315	5040	630
31	铜骨之躯1阶	26365015	402	8040	670
32	铜骨之躯2阶	32567365	426	8520	710
33	铜骨之躯3阶	40217365	450	9000	750
34	铜骨之躯4阶	49466215	474	9480	790
35	铜骨之躯5阶	60465115	498	9960	830
36	铜骨之躯6阶	73365265	522	10440	870
37	铜骨之躯7阶	88317865	546	10920	910
38	铜骨之躯8阶	105474115	570	11400	950
39	铜骨之躯9阶	124985215	594	11880	990
40	铜骨之躯10阶	148251565	624	12480	1040
41	银骨之躯1阶	175575565	763	17440	1090
42	银骨之躯2阶	208970065	798	18240	1140
43	银骨之躯3阶	249039865	833	19040	1190
44	银骨之躯4阶	296389765	868	19840	1240
45	银骨之躯5阶	351624565	903	20640	1290
46	银骨之躯6阶	415349065	938	21440	1340
47	银骨之躯7阶	488168065	973	22240	1390
48	银骨之躯8阶	570686365	1008	23040	1440
49	银骨之躯9阶	663508765	1043	23840	1490
50	银骨之躯10阶	772611265	1085	24800	1550
51	金身之躯1阶	899203465	1288	32200	1610
52	金身之躯2阶	1043269615	1336	33400	1670
53	金身之躯3阶	1205817715	1384	34600	1730
54	金身之躯4阶	1387855765	1432	35800	1790
55	金身之躯5阶	1590391765	1480	37000	1850
56	金身之躯6阶	1814433715	1528	38200	1910
57	金身之躯7阶	2060989615	1576	39400	1970
58	金身之躯8阶	2331067465	1624	40600	2030
59	金身之躯9阶	2625675265	1672	41800	2090
60	金身之躯10阶	2945821015	1728	43200	2160
61	万象之力1阶	3292512715	2230	53520	2230
62	万象之力2阶	3666758365	2300	55200	2300
63	万象之力3阶	4069565965	2370	56880	2370
64	万象之力4阶	4501943515	2440	58560	2440
65	万象之力5阶	4964899015	2510	60240	2510
66	万象之力6阶	5459440465	2580	61920	2580
67	万象之力7阶	5986575865	2650	63600	2650
68	万象之力8阶	6547313215	2720	65280	2720
69	万象之力9阶	7142660515	2790	66960	2790
70	万象之力10阶	7773625765	2870	68880	2870
71	千山之躯1阶	8441216965	3540	82600	2950
72	千山之躯2阶	9146442115	3636	84840	3030
73	千山之躯3阶	9890309215	3732	87080	3110
74	千山之躯4阶	10673826265	3828	89320	3190
75	千山之躯5阶	11498001265	3924	91560	3270
76	千山之躯6阶	12363842215	4020	93800	3350
77	千山之躯7阶	13272357115	4116	96040	3430
78	千山之躯8阶	14224553965	4212	98280	3510
79	千山之躯9阶	15221440765	4308	100520	3590
80	千山之躯10阶	16264025515	4416	103040	3680
81	散仙之躯1阶	17353316215	5655	120640	3770
82	散仙之躯2阶	18490320865	5790	123520	3860
83	散仙之躯3阶	19676047465	5925	126400	3950
84	散仙之躯4阶	20911504015	6060	129280	4040
85	散仙之躯5阶	22197698515	6195	132160	4130
86	散仙之躯6阶	23535638965	6330	135040	4220
87	散仙之躯7阶	24926333365	6465	137920	4310
88	散仙之躯8阶	26370789715	6600	140800	4400
89	散仙之躯9阶	27870016015	6735	143680	4490
90	散仙之躯10阶	29425020265	6885	146880	4590
91	游仙之躯1阶	31036810465	7035	168840	4690
92	游仙之躯2阶	32706394615	7185	172440	4790
93	游仙之躯3阶	34434780715	7335	176040	4890
94	游仙之躯4阶	36222976765	7485	179640	4990
95	游仙之躯5阶	38071990765	7635	183240	5090
96	游仙之躯6阶	39982830715	7785	186840	5190
97	游仙之躯7阶	41956504615	7935	190440	5290
98	游仙之躯8阶	43994020465	8085	194040	5390
99	游仙之躯9阶	46096386265	8235	197640	5490
100	游仙之躯10阶	48264610015	8385	201240	5590
101	地仙之躯1阶	50499699715	8535	227600	5690
102	地仙之躯2阶	52802663365	8685	231600	5790
103	地仙之躯3阶	55174508965	8835	235600	5890
104	地仙之躯4阶	57616244515	8985	239600	5990
105	地仙之躯5阶	60128878015	9135	243600	6090
106	地仙之躯6阶	62713417465	9285	247600	6190
107	地仙之躯7阶	65370870865	9435	251600	6290
108	地仙之躯8阶	68102246215	9585	255600	6390
109	地仙之躯9阶	70908551515	9735	259600	6490
110	地仙之躯10阶	73790794765	9885	263600	6590
111	真仙之躯1阶	76749983965	10035	267600	6690
112	真仙之躯2阶	79787127115	10185	271600	6790
113	真仙之躯3阶	82903232215	10335	275600	6890
114	真仙之躯4阶	86099307265	10485	279600	6990
115	真仙之躯5阶	89376360265	10635	283600	7090
116	真仙之躯6阶	92735399215	10785	287600	7190
117	真仙之躯7阶	96177432115	10935	291600	7290
118	真仙之躯8阶	99703466965	11085	295600	7390
119	真仙之躯9阶	103314511765	11235	299600	7490
120	真仙之躯10阶	107011574515	11385	303600	7590
121	玄仙之躯1阶	110795663215	11535	307600	7690
122	玄仙之躯2阶	114667785865	11685	311600	7790
123	玄仙之躯3阶	118628950465	11835	315600	7890
124	玄仙之躯4阶	122680165015	11985	319600	7990
125	玄仙之躯5阶	126822437515	12135	323600	8090
126	玄仙之躯6阶	131056775965	12285	327600	8190
127	玄仙之躯7阶	135384188365	12435	331600	8290
128	玄仙之躯8阶	139805682715	12585	335600	8390
129	玄仙之躯9阶	144322267015	12735	339600	8490
130	玄仙之躯10阶	148934949265	12885	343600	8590
131	天仙之躯1阶	153644737465	13035	347600	8690
132	天仙之躯2阶	158452639615	13185	351600	8790
133	天仙之躯3阶	163359663715	13335	355600	8890
134	天仙之躯4阶	168366817765	13485	359600	8990
135	天仙之躯5阶	173475109765	13635	363600	9090
136	天仙之躯6阶	178685547715	13785	367600	9190
137	天仙之躯7阶	183999139615	13935	371600	9290
138	天仙之躯8阶	189416893465	14085	375600	9390
139	天仙之躯9阶	194939817265	14235	379600	9490
140	天仙之躯10阶	200568919015	14385	383600	9590
141	金仙之躯1阶	206305206715	14535	387600	9690
142	金仙之躯2阶	212149688365	14685	391600	9790
143	金仙之躯3阶	218103371965	14835	395600	9890
144	金仙之躯4阶	224167265515	14985	399600	9990
145	金仙之躯5阶	230342377015	15135	403600	10090
146	金仙之躯6阶	236629714465	15285	407600	10190
147	金仙之躯7阶	243030285865	15435	411600	10290
148	金仙之躯8阶	249545099215	15585	415600	10390
149	金仙之躯9阶	256175162515	15735	419600	10490
150	金仙之躯10阶	262921483765	15885	423600	10590
151	大罗之躯1阶	269785070965	16035	427600	10690
152	大罗之躯2阶	269785070965	16185	431600	10790
153	大罗之躯3阶	269785070965	16335	435600	10890
154	大罗之躯4阶	269785070965	16485	439600	10990
155	大罗之躯5阶	269785070965	16635	443600	11090
156	大罗之躯6阶	269785070965	16785	447600	11190
157	大罗之躯7阶	269785070965	16935	451600	11290
158	大罗之躯8阶	269785070965	17085	455600	11390
159	大罗之躯9阶	269785070965	17235	459600	11490
160	大罗之躯10阶	269785070965	17385	463600	11590
