mapid_XBXXZ	level_XBXXZ	Title_XBXXZ	Npc_XBXXZ	Power_XBXXZ	Merit_XBXXZ
1026	1	梵度大仙	4001	1	50
1026	2	梵度上仙	4002	1	55
1026	3	梵度功曹	4003	1	60
1026	4	梵度天师	4004	1	65
1026	5	梵度星君	4005	1	70
1026	6	梵度真人	4006	1	75
1026	7	梵度老君	4007	1	80
1026	8	梵度真君	4008	1	85
1026	9	梵度天王	4009	1	90
1026	10	梵度元帅	4010	1	95
1027	1	玉隆大仙	4011	2	54
1027	2	玉隆上仙	4012	2	59
1027	3	玉隆功曹	4013	2	64
1027	4	玉隆天师	4014	2	69
1027	5	玉隆星君	4015	2	74
1027	6	玉隆真人	4016	2	79
1027	7	玉隆老君	4017	2	84
1027	8	玉隆真君	4018	2	89
1027	9	玉隆天王	4019	2	94
1027	10	玉隆元帅	4020	2	99
1028	1	妙成大仙	4021	3	58
1028	2	妙成上仙	4022	3	63
1028	3	妙成功曹	4023	3	68
1028	4	妙成天师	4024	3	73
1028	5	妙成星君	4025	3	78
1028	6	妙成真人	4026	3	83
1028	7	妙成老君	4027	3	88
1028	8	妙成真君	4028	3	93
1028	9	妙成天王	4029	3	98
1028	10	妙成元帅	4030	3	103
1029	1	无思大仙	4031	4	62
1029	2	无思上仙	4032	4	67
1029	3	无思功曹	4033	4	72
1029	4	无思天师	4034	4	77
1029	5	无思星君	4035	4	82
1029	6	无思真人	4036	4	87
1029	7	无思老君	4037	4	92
1029	8	无思真君	4038	4	97
1029	9	无思天王	4039	4	102
1029	10	无思元帅	4040	4	107
1030	1	元载大仙	4041	5	66
1030	2	元载上仙	4042	5	71
1030	3	元载功曹	4043	5	76
1030	4	元载天师	4044	5	81
1030	5	元载星君	4045	5	86
1030	6	元载真人	4046	5	91
1030	7	元载老君	4047	5	96
1030	8	元载真君	4048	5	101
1030	9	元载天王	4049	5	106
1030	10	元载元帅	4050	5	111
1031	1	灵明大仙	4051	6	70
1031	2	灵明上仙	4052	6	75
1031	3	灵明功曹	4053	6	80
1031	4	灵明天师	4054	6	85
1031	5	灵明星君	4055	6	90
1031	6	灵明真人	4056	6	95
1031	7	灵明老君	4057	6	100
1031	8	灵明真君	4058	6	105
1031	9	灵明天王	4059	6	110
1031	10	灵明元帅	4060	6	115
1032	1	赤明大仙	4061	7	74
1032	2	赤明上仙	4062	7	79
1032	3	赤明功曹	4063	7	84
1032	4	赤明天师	4064	7	89
1032	5	赤明星君	4065	7	94
1032	6	赤明真人	4066	7	99
1032	7	赤明老君	4067	7	104
1032	8	赤明真君	4068	7	109
1032	9	赤明天王	4069	7	114
1032	10	赤明元帅	4070	7	119
1033	1	太安大仙	4071	8	78
1033	2	太安上仙	4072	8	83
1033	3	太安功曹	4073	8	88
1033	4	太安天师	4074	8	93
1033	5	太安星君	4075	8	98
1033	6	太安真人	4076	8	103
1033	7	太安老君	4077	8	108
1033	8	太安真君	4078	8	113
1033	9	太安天王	4079	8	118
1033	10	太安元帅	4080	8	123
1034	1	荣华大仙	4081	9	82
1034	2	荣华上仙	4082	9	87
1034	3	荣华功曹	4083	9	92
1034	4	荣华天师	4084	9	97
1034	5	荣华星君	4085	9	102
1034	6	荣华真人	4086	9	107
1034	7	荣华老君	4087	9	112
1034	8	荣华真君	4088	9	117
1034	9	荣华天王	4089	9	122
1034	10	荣华元帅	4090	9	127
1035	1	玄明大仙	4091	10	86
1035	2	玄明上仙	4092	10	91
1035	3	玄明功曹	4093	10	96
1035	4	玄明天师	4094	10	101
1035	5	玄明星君	4095	10	106
1035	6	玄明真人	4096	10	111
1035	7	玄明老君	4097	10	116
1035	8	玄明真君	4098	10	121
1035	9	玄明天王	4099	10	126
1035	10	玄明元帅	4100	10	131
1036	1	玄胎大仙	4101	11	90
1036	2	玄胎上仙	4102	11	95
1036	3	玄胎功曹	4103	11	100
1036	4	玄胎天师	4104	11	105
1036	5	玄胎星君	4105	11	110
1036	6	玄胎真人	4106	11	115
1036	7	玄胎老君	4107	11	120
1036	8	玄胎真君	4108	11	125
1036	9	玄胎天王	4109	11	130
1036	10	玄胎元帅	4110	11	135
1037	1	太明大仙	4111	12	94
1037	2	太明上仙	4112	12	99
1037	3	太明功曹	4113	12	104
1037	4	太明天师	4114	12	109
1037	5	太明星君	4115	12	114
1037	6	太明真人	4116	12	119
1037	7	太明老君	4117	12	124
1037	8	太明真君	4118	12	129
1037	9	太明天王	4119	12	134
1037	10	太明元帅	4120	12	139
1038	1	太黄大仙	4121	13	98
1038	2	太黄上仙	4122	13	103
1038	3	太黄功曹	4123	13	108
1038	4	太黄天师	4124	13	113
1038	5	太黄星君	4125	13	118
1038	6	太黄真人	4126	13	123
1038	7	太黄老君	4127	13	128
1038	8	太黄真君	4128	13	133
1038	9	太黄天王	4129	13	138
1038	10	太黄元帅	4130	13	143
1039	1	大罗大仙	4131	14	100
1039	2	大罗上仙	4132	14	105
1039	3	大罗功曹	4133	14	110
1039	4	大罗天师	4134	14	115
1039	5	大罗星君	4135	14	120
1039	6	大罗真人	4136	14	125
1039	7	大罗老君	4137	14	130
1039	8	大罗真君	4138	14	135
1039	9	大罗天王	4139	14	140
1039	10	大罗元帅	4140	14	145
1040	1	始皇大仙	4141	15	108
1040	2	始皇上仙	4142	15	113
1040	3	始皇功曹	4143	15	118
1040	4	始皇天师	4144	15	123
1040	5	始皇星君	4145	15	128
1040	6	始皇真人	4146	15	133
1040	7	始皇老君	4147	15	138
1040	8	始皇真君	4148	15	143
1040	9	始皇天王	4149	15	148
1040	10	始皇元帅	4150	15	153
1041	1	极风大仙	4151	16	116
1041	2	极风上仙	4152	16	121
1041	3	极风功曹	4153	16	126
1041	4	极风天师	4154	16	131
1041	5	极风星君	4155	16	136
1041	6	极风真人	4156	16	141
1041	7	极风老君	4157	16	146
1041	8	极风真君	4158	16	151
1041	9	极风天王	4159	16	156
1041	10	极风元帅	4160	16	161
1042	1	光明大仙	4161	17	124
1042	2	光明上仙	4162	17	129
1042	3	光明功曹	4163	17	134
1042	4	光明天师	4164	17	139
1042	5	光明星君	4165	17	144
1042	6	光明真人	4166	17	149
1042	7	光明老君	4167	17	154
1042	8	光明真君	4168	17	159
1042	9	光明天王	4169	17	164
1042	10	光明元帅	4170	17	169
1043	1	虚无大仙	4171	18	132
1043	2	虚无上仙	4172	18	137
1043	3	虚无功曹	4173	18	142
1043	4	虚无天师	4174	18	147
1043	5	虚无星君	4175	18	152
1043	6	虚无真人	4176	18	157
1043	7	虚无老君	4177	18	162
1043	8	虚无真君	4178	18	167
1043	9	虚无天王	4179	18	172
1043	10	虚无元帅	4180	18	177
1044	1	七曜大仙	4181	19	140
1044	2	七曜上仙	4182	19	145
1044	3	七曜功曹	4183	19	150
1044	4	七曜天师	4184	19	155
1044	5	七曜星君	4185	19	160
1044	6	七曜真人	4186	19	165
1044	7	七曜老君	4187	19	170
1044	8	七曜真君	4188	19	175
1044	9	七曜天王	4189	19	180
1044	10	七曜元帅	4190	19	185
1045	1	皇笳大仙	4191	20	150
1045	2	皇笳上仙	4192	20	155
1045	3	皇笳功曹	4193	20	160
1045	4	皇笳天师	4194	20	165
1045	5	皇笳星君	4195	20	170
1045	6	皇笳真人	4196	20	175
1045	7	皇笳老君	4197	20	180
1045	8	皇笳真君	4198	20	185
1045	9	皇笳天王	4199	20	190
1045	10	皇笳元帅	4200	20	195
1046	1	太皇大仙	4201	21	158
1046	2	太皇上仙	4202	21	163
1046	3	太皇功曹	4203	21	168
1046	4	太皇天师	4204	21	173
1046	5	太皇星君	4205	21	178
1046	6	太皇真人	4206	21	183
1046	7	太皇老君	4207	21	188
1046	8	太皇真君	4208	21	193
1046	9	太皇天王	4209	21	198
1046	10	太皇元帅	4210	21	203
1047	1	太极大仙	4211	22	162
1047	2	太极上仙	4212	22	167
1047	3	太极功曹	4213	22	172
1047	4	太极天师	4214	22	177
1047	5	太极星君	4215	22	182
1047	6	太极真人	4216	22	187
1047	7	太极老君	4217	22	192
1047	8	太极真君	4218	22	197
1047	9	太极天王	4219	22	202
1047	10	太极元帅	4220	22	207
1048	1	玄武大仙	4221	23	200
1048	2	玄武上仙	4222	23	205
1048	3	玄武功曹	4223	23	210
1048	4	玄武天师	4224	23	215
1048	5	玄武星君	4225	23	220
1048	6	玄武真人	4226	23	225
1048	7	玄武老君	4227	23	230
1048	8	玄武真君	4228	23	235
1048	9	玄武天王	4229	23	240
1048	10	玄武元帅	4230	23	245
1049	1	朱雀大仙	4231	24	208
1049	2	朱雀上仙	4232	24	213
1049	3	朱雀功曹	4233	24	218
1049	4	朱雀天师	4234	24	223
1049	5	朱雀星君	4235	24	228
1049	6	朱雀真人	4236	24	233
1049	7	朱雀老君	4237	24	238
1049	8	朱雀真君	4238	24	243
1049	9	朱雀天王	4239	24	248
1049	10	朱雀元帅	4240	24	253
1050	1	白虎大仙	4241	25	216
1050	2	白虎上仙	4242	25	221
1050	3	白虎功曹	4243	25	226
1050	4	白虎天师	4244	25	231
1050	5	白虎星君	4245	25	236
1050	6	白虎真人	4246	25	241
1050	7	白虎老君	4247	25	246
1050	8	白虎真君	4248	25	251
1050	9	白虎天王	4249	25	256
1050	10	白虎元帅	4250	25	261
1051	1	青龙大仙	4251	26	224
1051	2	青龙上仙	4252	26	229
1051	3	青龙功曹	4253	26	234
1051	4	青龙天师	4254	26	239
1051	5	青龙星君	4255	26	244
1051	6	青龙真人	4256	26	249
1051	7	青龙老君	4257	26	254
1051	8	青龙真君	4258	26	259
1051	9	青龙天王	4259	26	264
1051	10	青龙元帅	4260	26	269
1052	1	大焚大仙	4261	27	232
1052	2	大焚上仙	4262	27	237
1052	3	大焚功曹	4263	27	242
1052	4	大焚天师	4264	27	247
1052	5	大焚星君	4265	27	252
1052	6	大焚真人	4266	27	257
1052	7	大焚老君	4267	27	262
1052	8	大焚真君	4268	27	267
1052	9	大焚天王	4269	27	272
1052	10	大焚元帅	4270	27	277
1053	1	东极大仙	4271	28	400
1053	2	东极上仙	4272	28	405
1053	3	东极功曹	4273	28	410
1053	4	东极天师	4274	28	415
1053	5	东极星君	4275	28	420
1053	6	东极真人	4276	28	425
1053	7	东极老君	4277	28	430
1053	8	东极真君	4278	28	435
1053	9	东极天王	4279	28	440
1053	10	东极元帅	4280	28	445
1054	1	西极大仙	4281	29	408
1054	2	西极上仙	4282	29	413
1054	3	西极功曹	4283	29	418
1054	4	西极天师	4284	29	423
1054	5	西极星君	4285	29	428
1054	6	西极真人	4286	29	433
1054	7	西极老君	4287	29	438
1054	8	西极真君	4288	29	443
1054	9	西极天王	4289	29	448
1054	10	西极元帅	4290	29	453
1055	1	南极大仙	4291	30	416
1055	2	南极上仙	4292	30	421
1055	3	南极功曹	4293	30	426
1055	4	南极天师	4294	30	431
1055	5	南极星君	4295	30	436
1055	6	南极真人	4296	30	441
1055	7	南极老君	4297	30	446
1055	8	南极真君	4298	30	451
1055	9	南极天王	4299	30	456
1055	10	南极元帅	4300	30	461
1056	1	北极大仙	4301	31	424
1056	2	北极上仙	4302	31	429
1056	3	北极功曹	4303	31	434
1056	4	北极天师	4304	31	439
1056	5	北极星君	4305	31	444
1056	6	北极真人	4306	31	449
1056	7	北极老君	4307	31	454
1056	8	北极真君	4308	31	459
1056	9	北极天王	4309	31	464
1056	10	北极元帅	4310	31	469
1057	1	皇地大仙	4311	32	432
1057	2	皇地上仙	4312	32	437
1057	3	皇地功曹	4313	32	442
1057	4	皇地天师	4314	32	447
1057	5	皇地星君	4315	32	452
1057	6	皇地真人	4316	32	457
1057	7	皇地老君	4317	32	462
1057	8	皇地真君	4318	32	467
1057	9	皇地天王	4319	32	472
1057	10	皇地元帅	4320	32	477
1058	1	玉皇大仙	4321	33	450
1058	2	玉皇上仙	4322	33	455
1058	3	玉皇功曹	4323	33	460
1058	4	玉皇天师	4324	33	465
1058	5	玉皇星君	4325	33	470
1058	6	玉皇真人	4326	33	475
1058	7	玉皇老君	4327	33	480
1058	8	玉皇真君	4328	33	485
1058	9	玉皇天王	4329	33	490
1058	10	玉皇元帅	4330	33	495
1060	1	枉死牛头	4331	34	150
1060	2	枉死马面	4332	34	155
1060	3	枉死勾魂使	4333	34	160
1060	4	枉死黑无常	4334	34	165
1060	5	枉死白无常	4335	34	170
1060	6	枉死鬼姬	4336	34	175
1060	7	枉死鬼将	4337	34	180
1060	8	枉死判官	4338	34	185
1060	9	枉死鬼帅	4339	34	190
1060	10	枉死鬼王	4340	34	195
1061	1	火山牛头	4341	35	158
1061	2	火山马面	4342	35	163
1061	3	火山勾魂使	4343	35	168
1061	4	火山黑无常	4344	35	173
1061	5	火山白无常	4345	35	178
1061	6	火山鬼姬	4346	35	183
1061	7	火山鬼将	4347	35	188
1061	8	火山判官	4348	35	193
1061	9	火山鬼帅	4349	35	198
1061	10	火山鬼王	4350	35	203
1062	1	白骨牛头	4351	36	166
1062	2	白骨马面	4352	36	171
1062	3	白骨勾魂使	4353	36	176
1062	4	白骨黑无常	4354	36	181
1062	5	白骨白无常	4355	36	186
1062	6	白骨鬼姬	4356	36	191
1062	7	白骨鬼将	4357	36	196
1062	8	白骨判官	4358	36	201
1062	9	白骨鬼帅	4359	36	206
1062	10	白骨鬼王	4360	36	211
1063	1	乱魂牛头	4361	37	174
1063	2	乱魂马面	4362	37	179
1063	3	乱魂勾魂使	4363	37	184
1063	4	乱魂黑无常	4364	37	189
1063	5	乱魂白无常	4365	37	194
1063	6	乱魂鬼姬	4366	37	199
1063	7	乱魂鬼将	4367	37	204
1063	8	乱魂判官	4368	37	209
1063	9	乱魂鬼帅	4369	37	214
1063	10	乱魂鬼王	4370	37	219
1064	1	黑绳牛头	4371	38	200
1064	2	黑绳马面	4372	38	205
1064	3	黑绳勾魂使	4373	38	210
1064	4	黑绳黑无常	4374	38	215
1064	5	黑绳白无常	4375	38	220
1064	6	黑绳鬼姬	4376	38	225
1064	7	黑绳鬼将	4377	38	230
1064	8	黑绳判官	4378	38	235
1064	9	黑绳鬼帅	4379	38	240
1064	10	黑绳鬼王	4380	38	245
1065	1	寂静牛头	4381	39	208
1065	2	寂静马面	4382	39	213
1065	3	寂静勾魂使	4383	39	218
1065	4	寂静黑无常	4384	39	223
1065	5	寂静白无常	4385	39	228
1065	6	寂静鬼姬	4386	39	233
1065	7	寂静鬼将	4387	39	238
1065	8	寂静判官	4388	39	243
1065	9	寂静鬼帅	4389	39	248
1065	10	寂静鬼王	4390	39	253
1066	1	血莲牛头	4391	40	216
1066	2	血莲马面	4392	40	221
1066	3	血莲勾魂使	4393	40	226
1066	4	血莲黑无常	4394	40	231
1066	5	血莲白无常	4395	40	236
1066	6	血莲鬼姬	4396	40	241
1066	7	血莲鬼将	4397	40	246
1066	8	血莲判官	4398	40	251
1066	9	血莲鬼帅	4399	40	256
1066	10	血莲鬼王	4400	40	261
1067	1	血池牛头	4401	41	224
1067	2	血池马面	4402	41	229
1067	3	血池勾魂使	4403	41	234
1067	4	血池黑无常	4404	41	239
1067	5	血池白无常	4405	41	244
1067	6	血池鬼姬	4406	41	249
1067	7	血池鬼将	4407	41	254
1067	8	血池判官	4408	41	259
1067	9	血池鬼帅	4409	41	264
1067	10	血池鬼王	4410	41	269
1068	1	哀嚎牛头	4411	42	232
1068	2	哀嚎马面	4412	42	237
1068	3	哀嚎勾魂使	4413	42	242
1068	4	哀嚎黑无常	4414	42	247
1068	5	哀嚎白无常	4415	42	252
1068	6	哀嚎鬼姬	4416	42	257
1068	7	哀嚎鬼将	4417	42	262
1068	8	哀嚎判官	4418	42	267
1068	9	哀嚎鬼帅	4419	42	272
1068	10	哀嚎鬼王	4420	42	277
1069	1	阴灵牛头	4421	43	240
1069	2	阴灵马面	4422	43	245
1069	3	阴灵勾魂使	4423	43	250
1069	4	阴灵黑无常	4424	43	255
1069	5	阴灵白无常	4425	43	260
1069	6	阴灵鬼姬	4426	43	265
1069	7	阴灵鬼将	4427	43	270
1069	8	阴灵判官	4428	43	275
1069	9	阴灵鬼帅	4429	43	280
1069	10	阴灵鬼王	4430	43	285
1070	1	怨魂牛头	4431	44	248
1070	2	怨魂马面	4432	44	253
1070	3	怨魂勾魂使	4433	44	258
1070	4	怨魂黑无常	4434	44	263
1070	5	怨魂白无常	4435	44	268
1070	6	怨魂鬼姬	4436	44	273
1070	7	怨魂鬼将	4437	44	278
1070	8	怨魂判官	4438	44	283
1070	9	怨魂鬼帅	4439	44	288
1070	10	怨魂鬼王	4440	44	293
1071	1	冥冬牛头	4441	45	250
1071	2	冥冬马面	4442	45	255
1071	3	冥冬勾魂使	4443	45	260
1071	4	冥冬黑无常	4444	45	265
1071	5	冥冬白无常	4445	45	270
1071	6	冥冬鬼姬	4446	45	275
1071	7	冥冬鬼将	4447	45	280
1071	8	冥冬判官	4448	45	285
1071	9	冥冬鬼帅	4449	45	290
1071	10	冥冬鬼王	4450	45	295
1072	1	永夜牛头	4451	46	258
1072	2	永夜马面	4452	46	263
1072	3	永夜勾魂使	4453	46	268
1072	4	永夜黑无常	4454	46	273
1072	5	永夜白无常	4455	46	278
1072	6	永夜鬼姬	4456	46	283
1072	7	永夜鬼将	4457	46	288
1072	8	永夜判官	4458	46	293
1072	9	永夜鬼帅	4459	46	298
1072	10	永夜鬼王	4460	46	303
1073	1	寒冰牛头	4461	47	300
1073	2	寒冰马面	4462	47	305
1073	3	寒冰勾魂使	4463	47	310
1073	4	寒冰黑无常	4464	47	315
1073	5	寒冰白无常	4465	47	320
1073	6	寒冰鬼姬	4466	47	325
1073	7	寒冰鬼将	4467	47	330
1073	8	寒冰判官	4468	47	335
1073	9	寒冰鬼帅	4469	47	340
1073	10	寒冰鬼王	4470	47	345
1074	1	阿鼻牛头	4471	48	350
1074	2	阿鼻马面	4472	48	355
1074	3	阿鼻勾魂使	4473	48	360
1074	4	阿鼻黑无常	4474	48	365
1074	5	阿鼻白无常	4475	48	370
1074	6	阿鼻鬼姬	4476	48	375
1074	7	阿鼻鬼将	4477	48	380
1074	8	阿鼻判官	4478	48	385
1074	9	阿鼻鬼帅	4479	48	390
1074	10	阿鼻鬼王	4480	48	395
1075	1	阴阳牛头	4481	49	358
1075	2	阴阳马面	4482	49	363
1075	3	阴阳勾魂使	4483	49	368
1075	4	阴阳黑无常	4484	49	373
1075	5	阴阳白无常	4485	49	378
1075	6	阴阳鬼姬	4486	49	383
1075	7	阴阳鬼将	4487	49	388
1075	8	阴阳判官	4488	49	393
1075	9	阴阳鬼帅	4489	49	398
1075	10	阴阳鬼王	4490	49	403
1076	1	红莲牛头	4491	50	400
1076	2	红莲马面	4492	50	405
1076	3	红莲勾魂使	4493	50	410
1076	4	红莲黑无常	4494	50	415
1076	5	红莲白无常	4495	50	420
1076	6	红莲鬼姬	4496	50	425
1076	7	红莲鬼将	4497	50	430
1076	8	红莲判官	4498	50	435
1076	9	红莲鬼帅	4499	50	440
1076	10	红莲鬼王	4500	50	445
1077	1	青莲牛头	4501	51	404
1077	2	青莲马面	4502	51	409
1077	3	青莲勾魂使	4503	51	414
1077	4	青莲黑无常	4504	51	419
1077	5	青莲白无常	4505	51	424
1077	6	青莲鬼姬	4506	51	429
1077	7	青莲鬼将	4507	51	434
1077	8	青莲判官	4508	51	439
1077	9	青莲鬼帅	4509	51	444
1077	10	青莲鬼王	4510	51	449
1078	1	无间牛头	4511	52	450
1078	2	无间马面	4512	52	455
1078	3	无间勾魂使	4513	52	460
1078	4	无间黑无常	4514	52	465
1078	5	无间白无常	4515	52	470
1078	6	无间鬼姬	4516	52	475
1078	7	无间鬼将	4517	52	480
1078	8	无间判官	4518	52	485
1078	9	无间鬼帅	4519	52	490
1078	10	无间鬼王	4520	52	495
1080	1	剧毒魔头	4521	53	200
1080	2	剧毒老魔	4522	53	205
1080	3	剧毒真魔	4523	53	210
1080	4	剧毒恶魔	4524	53	215
1080	5	剧毒魅魔	4525	53	220
1080	6	剧毒魔姬	4526	53	225
1080	7	剧毒魔将	4527	53	230
1080	8	剧毒心魔	4528	53	235
1080	9	剧毒天魔	4529	53	240
1080	10	剧毒魔帅	4530	53	245
1081	1	火焰魔头	4531	54	250
1081	2	火焰老魔	4532	54	255
1081	3	火焰真魔	4533	54	260
1081	4	火焰恶魔	4534	54	265
1081	5	火焰魅魔	4535	54	270
1081	6	火焰魔姬	4536	54	275
1081	7	火焰魔将	4537	54	280
1081	8	火焰心魔	4538	54	285
1081	9	火焰天魔	4539	54	290
1081	10	火焰魔帅	4540	54	295
1082	1	诅咒魔头	4541	55	258
1082	2	诅咒老魔	4542	55	263
1082	3	诅咒真魔	4543	55	268
1082	4	诅咒恶魔	4544	55	273
1082	5	诅咒魅魔	4545	55	278
1082	6	诅咒魔姬	4546	55	283
1082	7	诅咒魔将	4547	55	288
1082	8	诅咒心魔	4548	55	293
1082	9	诅咒天魔	4549	55	298
1082	10	诅咒魔帅	4550	55	303
1083	1	恐惧魔头	4551	56	266
1083	2	恐惧老魔	4552	56	271
1083	3	恐惧真魔	4553	56	276
1083	4	恐惧恶魔	4554	56	281
1083	5	恐惧魅魔	4555	56	286
1083	6	恐惧魔姬	4556	56	291
1083	7	恐惧魔将	4557	56	296
1083	8	恐惧心魔	4558	56	301
1083	9	恐惧天魔	4559	56	306
1083	10	恐惧魔帅	4560	56	311
1084	1	深渊魔头	4561	57	300
1084	2	深渊老魔	4562	57	305
1084	3	深渊真魔	4563	57	310
1084	4	深渊恶魔	4564	57	315
1084	5	深渊魅魔	4565	57	320
1084	6	深渊魔姬	4566	57	325
1084	7	深渊魔将	4567	57	330
1084	8	深渊心魔	4568	57	335
1084	9	深渊天魔	4569	57	340
1084	10	深渊魔帅	4570	57	345
1085	1	欲界魔头	4571	58	350
1085	2	欲界老魔	4572	58	355
1085	3	欲界真魔	4573	58	360
1085	4	欲界恶魔	4574	58	365
1085	5	欲界魅魔	4575	58	370
1085	6	欲界魔姬	4576	58	375
1085	7	欲界魔将	4577	58	380
1085	8	欲界心魔	4578	58	385
1085	9	欲界天魔	4579	58	390
1085	10	欲界魔帅	4580	58	395
1086	1	极乐魔头	4581	59	358
1086	2	极乐老魔	4582	59	363
1086	3	极乐真魔	4583	59	368
1086	4	极乐恶魔	4584	59	373
1086	5	极乐魅魔	4585	59	378
1086	6	极乐魔姬	4586	59	383
1086	7	极乐魔将	4587	59	388
1086	8	极乐心魔	4588	59	393
1086	9	极乐天魔	4589	59	398
1086	10	极乐魔帅	4590	59	403
1087	1	黑暗魔头	4591	60	366
1087	2	黑暗老魔	4592	60	371
1087	3	黑暗真魔	4593	60	376
1087	4	黑暗恶魔	4594	60	381
1087	5	黑暗魅魔	4595	60	386
1087	6	黑暗魔姬	4596	60	391
1087	7	黑暗魔将	4597	60	396
1087	8	黑暗心魔	4598	60	401
1087	9	黑暗天魔	4599	60	406
1087	10	黑暗魔帅	4600	60	411
1088	1	毁灭魔头	4601	61	374
1088	2	毁灭老魔	4602	61	379
1088	3	毁灭真魔	4603	61	384
1088	4	毁灭恶魔	4604	61	389
1088	5	毁灭魅魔	4605	61	394
1088	6	毁灭魔姬	4606	61	399
1088	7	毁灭魔将	4607	61	404
1088	8	毁灭心魔	4608	61	409
1088	9	毁灭天魔	4609	61	414
1088	10	毁灭魔帅	4610	61	419
1089	1	小魔界魔头	4611	62	400
1089	2	小魔界老魔	4612	62	405
1089	3	小魔界真魔	4613	62	410
1089	4	小魔界恶魔	4614	62	415
1089	5	小魔界魅魔	4615	62	420
1089	6	小魔界魔姬	4616	62	425
1089	7	小魔界魔将	4617	62	430
1089	8	小魔界心魔	4618	62	435
1089	9	小魔界天魔	4619	62	440
1089	10	小魔界魔帅	4620	62	445
1090	1	魔佛魔头	4621	63	408
1090	2	魔佛老魔	4622	63	413
1090	3	魔佛真魔	4623	63	418
1090	4	魔佛恶魔	4624	63	423
1090	5	魔佛魅魔	4625	63	428
1090	6	魔佛魔姬	4626	63	433
1090	7	魔佛魔将	4627	63	438
1090	8	魔佛心魔	4628	63	443
1090	9	魔佛天魔	4629	63	448
1090	10	魔佛魔帅	4630	63	453
1091	1	异度魔头	4631	64	416
1091	2	异度老魔	4632	64	421
1091	3	异度真魔	4633	64	426
1091	4	异度恶魔	4634	64	431
1091	5	异度魅魔	4635	64	436
1091	6	异度魔姬	4636	64	441
1091	7	异度魔将	4637	64	446
1091	8	异度心魔	4638	64	451
1091	9	异度天魔	4639	64	456
1091	10	异度魔帅	4640	64	461
1092	1	血魔界魔头	4641	65	424
1092	2	血魔界老魔	4642	65	429
1092	3	血魔界真魔	4643	65	434
1092	4	血魔界恶魔	4644	65	439
1092	5	血魔界魅魔	4645	65	444
1092	6	血魔界魔姬	4646	65	449
1092	7	血魔界魔将	4647	65	454
1092	8	血魔界心魔	4648	65	459
1092	9	血魔界天魔	4649	65	464
1092	10	血魔界魔帅	4650	65	469
1093	1	天魔界魔头	4651	66	432
1093	2	天魔界老魔	4652	66	437
1093	3	天魔界真魔	4653	66	442
1093	4	天魔界恶魔	4654	66	447
1093	5	天魔界魅魔	4655	66	452
1093	6	天魔界魔姬	4656	66	457
1093	7	天魔界魔将	4657	66	462
1093	8	天魔界心魔	4658	66	467
1093	9	天魔界天魔	4659	66	472
1093	10	天魔界魔帅	4660	66	477
1094	1	魔神界魔头	4661	67	450
1094	2	魔神界老魔	4662	67	455
1094	3	魔神界真魔	4663	67	460
1094	4	魔神界恶魔	4664	67	465
1094	5	魔神界魅魔	4665	67	470
1094	6	魔神界魔姬	4666	67	475
1094	7	魔神界魔将	4667	67	480
1094	8	魔神界心魔	4668	67	485
1094	9	魔神界天魔	4669	67	490
1094	10	魔神界魔帅	4670	67	495
1026	11	梵度.廉贞星君	7001	1	40
1026	12	梵度.禄存星君	7002	1	42
1026	13	梵度.巨门星君	7003	1	44
1026	14	梵度.度厄星君	7004	1	46
1026	15	梵度.司禄星君	7005	1	48
1026	16	梵度.延寿星君	7006	1	50
1026	17	梵度.上生星君	7007	1	52
1026	18	梵度.文曲星君	7008	1	54
1026	19	梵度.武曲星君	7009	1	56
1026	20	梵度.益算星君	7010	1	58
1026	21	梵度.贪狼星君	7011	1	60
1026	22	梵度.司命星君	7012	1	62
1026	23	梵度.破军星君	7013	1	64
1027	11	玉隆.廉贞星君	7014	2	42
1027	12	玉隆.禄存星君	7015	2	44
1027	13	玉隆.巨门星君	7016	2	46
1027	14	玉隆.度厄星君	7017	2	48
1027	15	玉隆.司禄星君	7018	2	50
1027	16	玉隆.延寿星君	7019	2	52
1027	17	玉隆.上生星君	7020	2	54
1027	18	玉隆.文曲星君	7021	2	56
1027	19	玉隆.武曲星君	7022	2	58
1027	20	玉隆.益算星君	7023	2	60
1027	21	玉隆.贪狼星君	7024	2	62
1027	22	玉隆.司命星君	7025	2	64
1027	23	玉隆.破军星君	7026	2	66
1028	11	妙成.廉贞星君	7027	3	43
1028	12	妙成.禄存星君	7028	3	45
1028	13	妙成.巨门星君	7029	3	47
1028	14	妙成.度厄星君	7030	3	49
1028	15	妙成.司禄星君	7031	3	51
1028	16	妙成.延寿星君	7032	3	53
1028	17	妙成.上生星君	7033	3	55
1028	18	妙成.文曲星君	7034	3	57
1028	19	妙成.武曲星君	7035	3	59
1028	20	妙成.益算星君	7036	3	61
1028	21	妙成.贪狼星君	7037	3	63
1028	22	妙成.司命星君	7038	3	65
1028	23	妙成.破军星君	7039	3	67
1029	11	无思.廉贞星君	7040	4	45
1029	12	无思.禄存星君	7041	4	47
1029	13	无思.巨门星君	7042	4	49
1029	14	无思.度厄星君	7043	4	51
1029	15	无思.司禄星君	7044	4	53
1029	16	无思.延寿星君	7045	4	55
1029	17	无思.上生星君	7046	4	57
1029	18	无思.文曲星君	7047	4	59
1029	19	无思.武曲星君	7048	4	61
1029	20	无思.益算星君	7049	4	63
1029	21	无思.贪狼星君	7050	4	65
1029	22	无思.司命星君	7051	4	67
1029	23	无思.破军星君	7052	4	69
1030	11	元载.廉贞星君	7053	5	46
1030	12	元载.禄存星君	7054	5	48
1030	13	元载.巨门星君	7055	5	50
1030	14	元载.度厄星君	7056	5	52
1030	15	元载.司禄星君	7057	5	54
1030	16	元载.延寿星君	7058	5	56
1030	17	元载.上生星君	7059	5	58
1030	18	元载.文曲星君	7060	5	60
1030	19	元载.武曲星君	7061	5	62
1030	20	元载.益算星君	7062	5	64
1030	21	元载.贪狼星君	7063	5	66
1030	22	元载.司命星君	7064	5	68
1030	23	元载.破军星君	7065	5	70
1031	11	灵明.廉贞星君	7066	6	48
1031	12	灵明.禄存星君	7067	6	50
1031	13	灵明.巨门星君	7068	6	52
1031	14	灵明.度厄星君	7069	6	54
1031	15	灵明.司禄星君	7070	6	56
1031	16	灵明.延寿星君	7071	6	58
1031	17	灵明.上生星君	7072	6	60
1031	18	灵明.文曲星君	7073	6	62
1031	19	灵明.武曲星君	7074	6	64
1031	20	灵明.益算星君	7075	6	66
1031	21	灵明.贪狼星君	7076	6	68
1031	22	灵明.司命星君	7077	6	70
1031	23	灵明.破军星君	7078	6	72
1032	11	赤明.廉贞星君	7079	7	50
1032	12	赤明.禄存星君	7080	7	52
1032	13	赤明.巨门星君	7081	7	54
1032	14	赤明.度厄星君	7082	7	56
1032	15	赤明.司禄星君	7083	7	58
1032	16	赤明.延寿星君	7084	7	60
1032	17	赤明.上生星君	7085	7	62
1032	18	赤明.文曲星君	7086	7	64
1032	19	赤明.武曲星君	7087	7	66
1032	20	赤明.益算星君	7088	7	68
1032	21	赤明.贪狼星君	7089	7	70
1032	22	赤明.司命星君	7090	7	72
1032	23	赤明.破军星君	7091	7	74
1033	11	太安.廉贞星君	7092	8	51
1033	12	太安.禄存星君	7093	8	53
1033	13	太安.巨门星君	7094	8	55
1033	14	太安.度厄星君	7095	8	57
1033	15	太安.司禄星君	7096	8	59
1033	16	太安.延寿星君	7097	8	61
1033	17	太安.上生星君	7098	8	63
1033	18	太安.文曲星君	7099	8	65
1033	19	太安.武曲星君	7100	8	67
1033	20	太安.益算星君	7101	8	69
1033	21	太安.贪狼星君	7102	8	71
1033	22	太安.司命星君	7103	8	73
1033	23	太安.破军星君	7104	8	75
1034	11	荣华.廉贞星君	7105	9	53
1034	12	荣华.禄存星君	7106	9	55
1034	13	荣华.巨门星君	7107	9	57
1034	14	荣华.度厄星君	7108	9	59
1034	15	荣华.司禄星君	7109	9	61
1034	16	荣华.延寿星君	7110	9	63
1034	17	荣华.上生星君	7111	9	65
1034	18	荣华.文曲星君	7112	9	67
1034	19	荣华.武曲星君	7113	9	69
1034	20	荣华.益算星君	7114	9	71
1034	21	荣华.贪狼星君	7115	9	73
1034	22	荣华.司命星君	7116	9	75
1034	23	荣华.破军星君	7117	9	77
1035	11	玄明.廉贞星君	7118	10	54
1035	12	玄明.禄存星君	7119	10	56
1035	13	玄明.巨门星君	7120	10	58
1035	14	玄明.度厄星君	7121	10	60
1035	15	玄明.司禄星君	7122	10	62
1035	16	玄明.延寿星君	7123	10	64
1035	17	玄明.上生星君	7124	10	66
1035	18	玄明.文曲星君	7125	10	68
1035	19	玄明.武曲星君	7126	10	70
1035	20	玄明.益算星君	7127	10	72
1035	21	玄明.贪狼星君	7128	10	74
1035	22	玄明.司命星君	7129	10	76
1035	23	玄明.破军星君	7130	10	78
1036	11	玄胎.廉贞星君	7131	11	56
1036	12	玄胎.禄存星君	7132	11	58
1036	13	玄胎.巨门星君	7133	11	60
1036	14	玄胎.度厄星君	7134	11	62
1036	15	玄胎.司禄星君	7135	11	64
1036	16	玄胎.延寿星君	7136	11	66
1036	17	玄胎.上生星君	7137	11	68
1036	18	玄胎.文曲星君	7138	11	70
1036	19	玄胎.武曲星君	7139	11	72
1036	20	玄胎.益算星君	7140	11	74
1036	21	玄胎.贪狼星君	7141	11	76
1036	22	玄胎.司命星君	7142	11	78
1036	23	玄胎.破军星君	7143	11	80
1037	11	太明.廉贞星君	7144	12	58
1037	12	太明.禄存星君	7145	12	60
1037	13	太明.巨门星君	7146	12	62
1037	14	太明.度厄星君	7147	12	64
1037	15	太明.司禄星君	7148	12	66
1037	16	太明.延寿星君	7149	12	68
1037	17	太明.上生星君	7150	12	70
1037	18	太明.文曲星君	7151	12	72
1037	19	太明.武曲星君	7152	12	74
1037	20	太明.益算星君	7153	12	76
1037	21	太明.贪狼星君	7154	12	78
1037	22	太明.司命星君	7155	12	80
1037	23	太明.破军星君	7156	12	82
1038	11	太黄.廉贞星君	7157	13	59
1038	12	太黄.禄存星君	7158	13	61
1038	13	太黄.巨门星君	7159	13	63
1038	14	太黄.度厄星君	7160	13	65
1038	15	太黄.司禄星君	7161	13	67
1038	16	太黄.延寿星君	7162	13	69
1038	17	太黄.上生星君	7163	13	71
1038	18	太黄.文曲星君	7164	13	73
1038	19	太黄.武曲星君	7165	13	75
1038	20	太黄.益算星君	7166	13	77
1038	21	太黄.贪狼星君	7167	13	79
1038	22	太黄.司命星君	7168	13	81
1038	23	太黄.破军星君	7169	13	83
1039	11	大罗.廉贞星君	7170	14	60
1039	12	大罗.禄存星君	7171	14	62
1039	13	大罗.巨门星君	7172	14	64
1039	14	大罗.度厄星君	7173	14	66
1039	15	大罗.司禄星君	7174	14	68
1039	16	大罗.延寿星君	7175	14	70
1039	17	大罗.上生星君	7176	14	72
1039	18	大罗.文曲星君	7177	14	74
1039	19	大罗.武曲星君	7178	14	76
1039	20	大罗.益算星君	7179	14	78
1039	21	大罗.贪狼星君	7180	14	80
1039	22	大罗.司命星君	7181	14	82
1039	23	大罗.破军星君	7182	14	84
1040	11	始皇.廉贞星君	7183	15	63
1040	12	始皇.禄存星君	7184	15	65
1040	13	始皇.巨门星君	7185	15	67
1040	14	始皇.度厄星君	7186	15	69
1040	15	始皇.司禄星君	7187	15	71
1040	16	始皇.延寿星君	7188	15	73
1040	17	始皇.上生星君	7189	15	75
1040	18	始皇.文曲星君	7190	15	77
1040	19	始皇.武曲星君	7191	15	79
1040	20	始皇.益算星君	7192	15	81
1040	21	始皇.贪狼星君	7193	15	83
1040	22	始皇.司命星君	7194	15	85
1040	23	始皇.破军星君	7195	15	87
1041	11	极风.廉贞星君	7196	16	66
1041	12	极风.禄存星君	7197	16	68
1041	13	极风.巨门星君	7198	16	70
1041	14	极风.度厄星君	7199	16	72
1041	15	极风.司禄星君	7200	16	74
1041	16	极风.延寿星君	7201	16	76
1041	17	极风.上生星君	7202	16	78
1041	18	极风.文曲星君	7203	16	80
1041	19	极风.武曲星君	7204	16	82
1041	20	极风.益算星君	7205	16	84
1041	21	极风.贪狼星君	7206	16	86
1041	22	极风.司命星君	7207	16	88
1041	23	极风.破军星君	7208	16	90
1042	11	光明.廉贞星君	7209	17	70
1042	12	光明.禄存星君	7210	17	72
1042	13	光明.巨门星君	7211	17	74
1042	14	光明.度厄星君	7212	17	76
1042	15	光明.司禄星君	7213	17	78
1042	16	光明.延寿星君	7214	17	80
1042	17	光明.上生星君	7215	17	82
1042	18	光明.文曲星君	7216	17	84
1042	19	光明.武曲星君	7217	17	86
1042	20	光明.益算星君	7218	17	88
1042	21	光明.贪狼星君	7219	17	90
1042	22	光明.司命星君	7220	17	92
1042	23	光明.破军星君	7221	17	94
1043	11	虚无.廉贞星君	7222	18	73
1043	12	虚无.禄存星君	7223	18	75
1043	13	虚无.巨门星君	7224	18	77
1043	14	虚无.度厄星君	7225	18	79
1043	15	虚无.司禄星君	7226	18	81
1043	16	虚无.延寿星君	7227	18	83
1043	17	虚无.上生星君	7228	18	85
1043	18	虚无.文曲星君	7229	18	87
1043	19	虚无.武曲星君	7230	18	89
1043	20	虚无.益算星君	7231	18	91
1043	21	虚无.贪狼星君	7232	18	93
1043	22	虚无.司命星君	7233	18	95
1043	23	虚无.破军星君	7234	18	97
1044	11	七曜.廉贞星君	7235	19	76
1044	12	七曜.禄存星君	7236	19	78
1044	13	七曜.巨门星君	7237	19	80
1044	14	七曜.度厄星君	7238	19	82
1044	15	七曜.司禄星君	7239	19	84
1044	16	七曜.延寿星君	7240	19	86
1044	17	七曜.上生星君	7241	19	88
1044	18	七曜.文曲星君	7242	19	90
1044	19	七曜.武曲星君	7243	19	92
1044	20	七曜.益算星君	7244	19	94
1044	21	七曜.贪狼星君	7245	19	96
1044	22	七曜.司命星君	7246	19	98
1044	23	七曜.破军星君	7247	19	100
1045	11	皇笳.廉贞星君	7248	20	80
1045	12	皇笳.禄存星君	7249	20	82
1045	13	皇笳.巨门星君	7250	20	84
1045	14	皇笳.度厄星君	7251	20	86
1045	15	皇笳.司禄星君	7252	20	88
1045	16	皇笳.延寿星君	7253	20	90
1045	17	皇笳.上生星君	7254	20	92
1045	18	皇笳.文曲星君	7255	20	94
1045	19	皇笳.武曲星君	7256	20	96
1045	20	皇笳.益算星君	7257	20	98
1045	21	皇笳.贪狼星君	7258	20	100
1045	22	皇笳.司命星君	7259	20	102
1045	23	皇笳.破军星君	7260	20	104
1046	11	太皇.廉贞星君	7261	21	83
1046	12	太皇.禄存星君	7262	21	85
1046	13	太皇.巨门星君	7263	21	87
1046	14	太皇.度厄星君	7264	21	89
1046	15	太皇.司禄星君	7265	21	91
1046	16	太皇.延寿星君	7266	21	93
1046	17	太皇.上生星君	7267	21	95
1046	18	太皇.文曲星君	7268	21	97
1046	19	太皇.武曲星君	7269	21	99
1046	20	太皇.益算星君	7270	21	101
1046	21	太皇.贪狼星君	7271	21	103
1046	22	太皇.司命星君	7272	21	105
1046	23	太皇.破军星君	7273	21	107
1047	11	太极.廉贞星君	7274	22	85
1047	12	太极.禄存星君	7275	22	87
1047	13	太极.巨门星君	7276	22	89
1047	14	太极.度厄星君	7277	22	91
1047	15	太极.司禄星君	7278	22	93
1047	16	太极.延寿星君	7279	22	95
1047	17	太极.上生星君	7280	22	97
1047	18	太极.文曲星君	7281	22	99
1047	19	太极.武曲星君	7282	22	101
1047	20	太极.益算星君	7283	22	103
1047	21	太极.贪狼星君	7284	22	105
1047	22	太极.司命星君	7285	22	107
1047	23	太极.破军星君	7286	22	109
1048	11	玄武.廉贞星君	7287	23	100
1048	12	玄武.禄存星君	7288	23	102
1048	13	玄武.巨门星君	7289	23	104
1048	14	玄武.度厄星君	7290	23	106
1048	15	玄武.司禄星君	7291	23	108
1048	16	玄武.延寿星君	7292	23	110
1048	17	玄武.上生星君	7293	23	112
1048	18	玄武.文曲星君	7294	23	114
1048	19	玄武.武曲星君	7295	23	116
1048	20	玄武.益算星君	7296	23	118
1048	21	玄武.贪狼星君	7297	23	120
1048	22	玄武.司命星君	7298	23	122
1048	23	玄武.破军星君	7299	23	124
1049	11	朱雀.廉贞星君	7300	24	103
1049	12	朱雀.禄存星君	7301	24	105
1049	13	朱雀.巨门星君	7302	24	107
1049	14	朱雀.度厄星君	7303	24	109
1049	15	朱雀.司禄星君	7304	24	111
1049	16	朱雀.延寿星君	7305	24	113
1049	17	朱雀.上生星君	7306	24	115
1049	18	朱雀.文曲星君	7307	24	117
1049	19	朱雀.武曲星君	7308	24	119
1049	20	朱雀.益算星君	7309	24	121
1049	21	朱雀.贪狼星君	7310	24	123
1049	22	朱雀.司命星君	7311	24	125
1049	23	朱雀.破军星君	7312	24	127
1050	11	白虎.廉贞星君	7313	25	106
1050	12	白虎.禄存星君	7314	25	108
1050	13	白虎.巨门星君	7315	25	110
1050	14	白虎.度厄星君	7316	25	112
1050	15	白虎.司禄星君	7317	25	114
1050	16	白虎.延寿星君	7318	25	116
1050	17	白虎.上生星君	7319	25	118
1050	18	白虎.文曲星君	7320	25	120
1050	19	白虎.武曲星君	7321	25	122
1050	20	白虎.益算星君	7322	25	124
1050	21	白虎.贪狼星君	7323	25	126
1050	22	白虎.司命星君	7324	25	128
1050	23	白虎.破军星君	7325	25	130
1051	11	青龙.廉贞星君	7326	26	110
1051	12	青龙.禄存星君	7327	26	112
1051	13	青龙.巨门星君	7328	26	114
1051	14	青龙.度厄星君	7329	26	116
1051	15	青龙.司禄星君	7330	26	118
1051	16	青龙.延寿星君	7331	26	120
1051	17	青龙.上生星君	7332	26	122
1051	18	青龙.文曲星君	7333	26	124
1051	19	青龙.武曲星君	7334	26	126
1051	20	青龙.益算星君	7335	26	128
1051	21	青龙.贪狼星君	7336	26	130
1051	22	青龙.司命星君	7337	26	132
1051	23	青龙.破军星君	7338	26	134
1052	11	大焚.廉贞星君	7339	27	113
1052	12	大焚.禄存星君	7340	27	115
1052	13	大焚.巨门星君	7341	27	117
1052	14	大焚.度厄星君	7342	27	119
1052	15	大焚.司禄星君	7343	27	121
1052	16	大焚.延寿星君	7344	27	123
1052	17	大焚.上生星君	7345	27	125
1052	18	大焚.文曲星君	7346	27	127
1052	19	大焚.武曲星君	7347	27	129
1052	20	大焚.益算星君	7348	27	131
1052	21	大焚.贪狼星君	7349	27	133
1052	22	大焚.司命星君	7350	27	135
1052	23	大焚.破军星君	7351	27	137
1053	11	东极.廉贞星君	7352	28	180
1053	12	东极.禄存星君	7353	28	182
1053	13	东极.巨门星君	7354	28	184
1053	14	东极.度厄星君	7355	28	186
1053	15	东极.司禄星君	7356	28	188
1053	16	东极.延寿星君	7357	28	190
1053	17	东极.上生星君	7358	28	192
1053	18	东极.文曲星君	7359	28	194
1053	19	东极.武曲星君	7360	28	196
1053	20	东极.益算星君	7361	28	198
1053	21	东极.贪狼星君	7362	28	200
1053	22	东极.司命星君	7363	28	202
1053	23	东极.破军星君	7364	28	204
1054	11	西极.廉贞星君	7365	29	183
1054	12	西极.禄存星君	7366	29	185
1054	13	西极.巨门星君	7367	29	187
1054	14	西极.度厄星君	7368	29	189
1054	15	西极.司禄星君	7369	29	191
1054	16	西极.延寿星君	7370	29	193
1054	17	西极.上生星君	7371	29	195
1054	18	西极.文曲星君	7372	29	197
1054	19	西极.武曲星君	7373	29	199
1054	20	西极.益算星君	7374	29	201
1054	21	西极.贪狼星君	7375	29	203
1054	22	西极.司命星君	7376	29	205
1054	23	西极.破军星君	7377	29	207
1055	11	南极.廉贞星君	7378	30	186
1055	12	南极.禄存星君	7379	30	188
1055	13	南极.巨门星君	7380	30	190
1055	14	南极.度厄星君	7381	30	192
1055	15	南极.司禄星君	7382	30	194
1055	16	南极.延寿星君	7383	30	196
1055	17	南极.上生星君	7384	30	198
1055	18	南极.文曲星君	7385	30	200
1055	19	南极.武曲星君	7386	30	202
1055	20	南极.益算星君	7387	30	204
1055	21	南极.贪狼星君	7388	30	206
1055	22	南极.司命星君	7389	30	208
1055	23	南极.破军星君	7390	30	210
1056	11	北极.廉贞星君	7391	31	190
1056	12	北极.禄存星君	7392	31	192
1056	13	北极.巨门星君	7393	31	194
1056	14	北极.度厄星君	7394	31	196
1056	15	北极.司禄星君	7395	31	198
1056	16	北极.延寿星君	7396	31	200
1056	17	北极.上生星君	7397	31	202
1056	18	北极.文曲星君	7398	31	204
1056	19	北极.武曲星君	7399	31	206
1056	20	北极.益算星君	7400	31	208
1056	21	北极.贪狼星君	7401	31	210
1056	22	北极.司命星君	7402	31	212
1056	23	北极.破军星君	7403	31	214
1057	11	皇地.廉贞星君	7404	32	193
1057	12	皇地.禄存星君	7405	32	195
1057	13	皇地.巨门星君	7406	32	197
1057	14	皇地.度厄星君	7407	32	199
1057	15	皇地.司禄星君	7408	32	201
1057	16	皇地.延寿星君	7409	32	203
1057	17	皇地.上生星君	7410	32	205
1057	18	皇地.文曲星君	7411	32	207
1057	19	皇地.武曲星君	7412	32	209
1057	20	皇地.益算星君	7413	32	211
1057	21	皇地.贪狼星君	7414	32	213
1057	22	皇地.司命星君	7415	32	215
1057	23	皇地.破军星君	7416	32	217
1058	11	玉皇.廉贞星君	7417	33	200
1058	12	玉皇.禄存星君	7418	33	202
1058	13	玉皇.巨门星君	7419	33	204
1058	14	玉皇.度厄星君	7420	33	206
1058	15	玉皇.司禄星君	7421	33	208
1058	16	玉皇.延寿星君	7422	33	210
1058	17	玉皇.上生星君	7423	33	212
1058	18	玉皇.文曲星君	7424	33	214
1058	19	玉皇.武曲星君	7425	33	216
1058	20	玉皇.益算星君	7426	33	218
1058	21	玉皇.贪狼星君	7427	33	220
1058	22	玉皇.司命星君	7428	33	222
1058	23	玉皇.破军星君	7429	33	224
1060	11	枉死.廉贞星君	7430	34	80
1060	12	枉死.禄存星君	7431	34	82
1060	13	枉死.巨门星君	7432	34	84
1060	14	枉死.度厄星君	7433	34	86
1060	15	枉死.司禄星君	7434	34	88
1060	16	枉死.延寿星君	7435	34	90
1060	17	枉死.上生星君	7436	34	92
1060	18	枉死.文曲星君	7437	34	94
1060	19	枉死.武曲星君	7438	34	96
1060	20	枉死.益算星君	7439	34	98
1060	21	枉死.贪狼星君	7440	34	100
1060	22	枉死.司命星君	7441	34	102
1060	23	枉死.破军星君	7442	34	104
1061	11	火山.廉贞星君	7443	35	83
1061	12	火山.禄存星君	7444	35	85
1061	13	火山.巨门星君	7445	35	87
1061	14	火山.度厄星君	7446	35	89
1061	15	火山.司禄星君	7447	35	91
1061	16	火山.延寿星君	7448	35	93
1061	17	火山.上生星君	7449	35	95
1061	18	火山.文曲星君	7450	35	97
1061	19	火山.武曲星君	7451	35	99
1061	20	火山.益算星君	7452	35	101
1061	21	火山.贪狼星君	7453	35	103
1061	22	火山.司命星君	7454	35	105
1061	23	火山.破军星君	7455	35	107
1062	11	白骨.廉贞星君	7456	36	86
1062	12	白骨.禄存星君	7457	36	88
1062	13	白骨.巨门星君	7458	36	90
1062	14	白骨.度厄星君	7459	36	92
1062	15	白骨.司禄星君	7460	36	94
1062	16	白骨.延寿星君	7461	36	96
1062	17	白骨.上生星君	7462	36	98
1062	18	白骨.文曲星君	7463	36	100
1062	19	白骨.武曲星君	7464	36	102
1062	20	白骨.益算星君	7465	36	104
1062	21	白骨.贪狼星君	7466	36	106
1062	22	白骨.司命星君	7467	36	108
1062	23	白骨.破军星君	7468	36	110
1063	11	乱魂.廉贞星君	7469	37	90
1063	12	乱魂.禄存星君	7470	37	92
1063	13	乱魂.巨门星君	7471	37	94
1063	14	乱魂.度厄星君	7472	37	96
1063	15	乱魂.司禄星君	7473	37	98
1063	16	乱魂.延寿星君	7474	37	100
1063	17	乱魂.上生星君	7475	37	102
1063	18	乱魂.文曲星君	7476	37	104
1063	19	乱魂.武曲星君	7477	37	106
1063	20	乱魂.益算星君	7478	37	108
1063	21	乱魂.贪狼星君	7479	37	110
1063	22	乱魂.司命星君	7480	37	112
1063	23	乱魂.破军星君	7481	37	114
1064	11	黑绳.廉贞星君	7482	38	100
1064	12	黑绳.禄存星君	7483	38	102
1064	13	黑绳.巨门星君	7484	38	104
1064	14	黑绳.度厄星君	7485	38	106
1064	15	黑绳.司禄星君	7486	38	108
1064	16	黑绳.延寿星君	7487	38	110
1064	17	黑绳.上生星君	7488	38	112
1064	18	黑绳.文曲星君	7489	38	114
1064	19	黑绳.武曲星君	7490	38	116
1064	20	黑绳.益算星君	7491	38	118
1064	21	黑绳.贪狼星君	7492	38	120
1064	22	黑绳.司命星君	7493	38	122
1064	23	黑绳.破军星君	7494	38	124
1065	11	寂静.廉贞星君	7495	39	103
1065	12	寂静.禄存星君	7496	39	105
1065	13	寂静.巨门星君	7497	39	107
1065	14	寂静.度厄星君	7498	39	109
1065	15	寂静.司禄星君	7499	39	111
1065	16	寂静.延寿星君	7500	39	113
1065	17	寂静.上生星君	7501	39	115
1065	18	寂静.文曲星君	7502	39	117
1065	19	寂静.武曲星君	7503	39	119
1065	20	寂静.益算星君	7504	39	121
1065	21	寂静.贪狼星君	7505	39	123
1065	22	寂静.司命星君	7506	39	125
1065	23	寂静.破军星君	7507	39	127
1066	11	血莲.廉贞星君	7508	40	106
1066	12	血莲.禄存星君	7509	40	108
1066	13	血莲.巨门星君	7510	40	110
1066	14	血莲.度厄星君	7511	40	112
1066	15	血莲.司禄星君	7512	40	114
1066	16	血莲.延寿星君	7513	40	116
1066	17	血莲.上生星君	7514	40	118
1066	18	血莲.文曲星君	7515	40	120
1066	19	血莲.武曲星君	7516	40	122
1066	20	血莲.益算星君	7517	40	124
1066	21	血莲.贪狼星君	7518	40	126
1066	22	血莲.司命星君	7519	40	128
1066	23	血莲.破军星君	7520	40	130
1067	11	血池.廉贞星君	7521	41	110
1067	12	血池.禄存星君	7522	41	112
1067	13	血池.巨门星君	7523	41	114
1067	14	血池.度厄星君	7524	41	116
1067	15	血池.司禄星君	7525	41	118
1067	16	血池.延寿星君	7526	41	120
1067	17	血池.上生星君	7527	41	122
1067	18	血池.文曲星君	7528	41	124
1067	19	血池.武曲星君	7529	41	126
1067	20	血池.益算星君	7530	41	128
1067	21	血池.贪狼星君	7531	41	130
1067	22	血池.司命星君	7532	41	132
1067	23	血池.破军星君	7533	41	134
1068	11	哀嚎.廉贞星君	7534	42	113
1068	12	哀嚎.禄存星君	7535	42	115
1068	13	哀嚎.巨门星君	7536	42	117
1068	14	哀嚎.度厄星君	7537	42	119
1068	15	哀嚎.司禄星君	7538	42	121
1068	16	哀嚎.延寿星君	7539	42	123
1068	17	哀嚎.上生星君	7540	42	125
1068	18	哀嚎.文曲星君	7541	42	127
1068	19	哀嚎.武曲星君	7542	42	129
1068	20	哀嚎.益算星君	7543	42	131
1068	21	哀嚎.贪狼星君	7544	42	133
1068	22	哀嚎.司命星君	7545	42	135
1068	23	哀嚎.破军星君	7546	42	137
1069	11	阴灵.廉贞星君	7547	43	116
1069	12	阴灵.禄存星君	7548	43	118
1069	13	阴灵.巨门星君	7549	43	120
1069	14	阴灵.度厄星君	7550	43	122
1069	15	阴灵.司禄星君	7551	43	124
1069	16	阴灵.延寿星君	7552	43	126
1069	17	阴灵.上生星君	7553	43	128
1069	18	阴灵.文曲星君	7554	43	130
1069	19	阴灵.武曲星君	7555	43	132
1069	20	阴灵.益算星君	7556	43	134
1069	21	阴灵.贪狼星君	7557	43	136
1069	22	阴灵.司命星君	7558	43	138
1069	23	阴灵.破军星君	7559	43	140
1070	11	怨魂.廉贞星君	7560	44	119
1070	12	怨魂.禄存星君	7561	44	121
1070	13	怨魂.巨门星君	7562	44	123
1070	14	怨魂.度厄星君	7563	44	125
1070	15	怨魂.司禄星君	7564	44	127
1070	16	怨魂.延寿星君	7565	44	129
1070	17	怨魂.上生星君	7566	44	131
1070	18	怨魂.文曲星君	7567	44	133
1070	19	怨魂.武曲星君	7568	44	135
1070	20	怨魂.益算星君	7569	44	137
1070	21	怨魂.贪狼星君	7570	44	139
1070	22	怨魂.司命星君	7571	44	141
1070	23	怨魂.破军星君	7572	44	143
1071	11	冥冬.廉贞星君	7573	45	120
1071	12	冥冬.禄存星君	7574	45	122
1071	13	冥冬.巨门星君	7575	45	124
1071	14	冥冬.度厄星君	7576	45	126
1071	15	冥冬.司禄星君	7577	45	128
1071	16	冥冬.延寿星君	7578	45	130
1071	17	冥冬.上生星君	7579	45	132
1071	18	冥冬.文曲星君	7580	45	134
1071	19	冥冬.武曲星君	7581	45	136
1071	20	冥冬.益算星君	7582	45	138
1071	21	冥冬.贪狼星君	7583	45	140
1071	22	冥冬.司命星君	7584	45	142
1071	23	冥冬.破军星君	7585	45	144
1072	11	永夜.廉贞星君	7586	46	123
1072	12	永夜.禄存星君	7587	46	125
1072	13	永夜.巨门星君	7588	46	127
1072	14	永夜.度厄星君	7589	46	129
1072	15	永夜.司禄星君	7590	46	131
1072	16	永夜.延寿星君	7591	46	133
1072	17	永夜.上生星君	7592	46	135
1072	18	永夜.文曲星君	7593	46	137
1072	19	永夜.武曲星君	7594	46	139
1072	20	永夜.益算星君	7595	46	141
1072	21	永夜.贪狼星君	7596	46	143
1072	22	永夜.司命星君	7597	46	145
1072	23	永夜.破军星君	7598	46	147
1073	11	寒冰.廉贞星君	7599	47	140
1073	12	寒冰.禄存星君	7600	47	142
1073	13	寒冰.巨门星君	7601	47	144
1073	14	寒冰.度厄星君	7602	47	146
1073	15	寒冰.司禄星君	7603	47	148
1073	16	寒冰.延寿星君	7604	47	150
1073	17	寒冰.上生星君	7605	47	152
1073	18	寒冰.文曲星君	7606	47	154
1073	19	寒冰.武曲星君	7607	47	156
1073	20	寒冰.益算星君	7608	47	158
1073	21	寒冰.贪狼星君	7609	47	160
1073	22	寒冰.司命星君	7610	47	162
1073	23	寒冰.破军星君	7611	47	164
1074	11	阿鼻.廉贞星君	7612	48	160
1074	12	阿鼻.禄存星君	7613	48	162
1074	13	阿鼻.巨门星君	7614	48	164
1074	14	阿鼻.度厄星君	7615	48	166
1074	15	阿鼻.司禄星君	7616	48	168
1074	16	阿鼻.延寿星君	7617	48	170
1074	17	阿鼻.上生星君	7618	48	172
1074	18	阿鼻.文曲星君	7619	48	174
1074	19	阿鼻.武曲星君	7620	48	176
1074	20	阿鼻.益算星君	7621	48	178
1074	21	阿鼻.贪狼星君	7622	48	180
1074	22	阿鼻.司命星君	7623	48	182
1074	23	阿鼻.破军星君	7624	48	184
1075	11	阴阳.廉贞星君	7625	49	163
1075	12	阴阳.禄存星君	7626	49	165
1075	13	阴阳.巨门星君	7627	49	167
1075	14	阴阳.度厄星君	7628	49	169
1075	15	阴阳.司禄星君	7629	49	171
1075	16	阴阳.延寿星君	7630	49	173
1075	17	阴阳.上生星君	7631	49	175
1075	18	阴阳.文曲星君	7632	49	177
1075	19	阴阳.武曲星君	7633	49	179
1075	20	阴阳.益算星君	7634	49	181
1075	21	阴阳.贪狼星君	7635	49	183
1075	22	阴阳.司命星君	7636	49	185
1075	23	阴阳.破军星君	7637	49	187
1076	11	红莲.廉贞星君	7638	50	180
1076	12	红莲.禄存星君	7639	50	182
1076	13	红莲.巨门星君	7640	50	184
1076	14	红莲.度厄星君	7641	50	186
1076	15	红莲.司禄星君	7642	50	188
1076	16	红莲.延寿星君	7643	50	190
1076	17	红莲.上生星君	7644	50	192
1076	18	红莲.文曲星君	7645	50	194
1076	19	红莲.武曲星君	7646	50	196
1076	20	红莲.益算星君	7647	50	198
1076	21	红莲.贪狼星君	7648	50	200
1076	22	红莲.司命星君	7649	50	202
1076	23	红莲.破军星君	7650	50	204
1077	11	青莲.廉贞星君	7651	51	182
1077	12	青莲.禄存星君	7652	51	184
1077	13	青莲.巨门星君	7653	51	186
1077	14	青莲.度厄星君	7654	51	188
1077	15	青莲.司禄星君	7655	51	190
1077	16	青莲.延寿星君	7656	51	192
1077	17	青莲.上生星君	7657	51	194
1077	18	青莲.文曲星君	7658	51	196
1077	19	青莲.武曲星君	7659	51	198
1077	20	青莲.益算星君	7660	51	200
1077	21	青莲.贪狼星君	7661	51	202
1077	22	青莲.司命星君	7662	51	204
1077	23	青莲.破军星君	7663	51	206
1078	11	无间.廉贞星君	7664	52	200
1078	12	无间.禄存星君	7665	52	202
1078	13	无间.巨门星君	7666	52	204
1078	14	无间.度厄星君	7667	52	206
1078	15	无间.司禄星君	7668	52	208
1078	16	无间.延寿星君	7669	52	210
1078	17	无间.上生星君	7670	52	212
1078	18	无间.文曲星君	7671	52	214
1078	19	无间.武曲星君	7672	52	216
1078	20	无间.益算星君	7673	52	218
1078	21	无间.贪狼星君	7674	52	220
1078	22	无间.司命星君	7675	52	222
1078	23	无间.破军星君	7676	52	224
1080	11	剧毒.廉贞星君	7677	53	100
1080	12	剧毒.禄存星君	7678	53	102
1080	13	剧毒.巨门星君	7679	53	104
1080	14	剧毒.度厄星君	7680	53	106
1080	15	剧毒.司禄星君	7681	53	108
1080	16	剧毒.延寿星君	7682	53	110
1080	17	剧毒.上生星君	7683	53	112
1080	18	剧毒.文曲星君	7684	53	114
1080	19	剧毒.武曲星君	7685	53	116
1080	20	剧毒.益算星君	7686	53	118
1080	21	剧毒.贪狼星君	7687	53	120
1080	22	剧毒.司命星君	7688	53	122
1080	23	剧毒.破军星君	7689	53	124
1081	11	火焰.廉贞星君	7690	54	120
1081	12	火焰.禄存星君	7691	54	122
1081	13	火焰.巨门星君	7692	54	124
1081	14	火焰.度厄星君	7693	54	126
1081	15	火焰.司禄星君	7694	54	128
1081	16	火焰.延寿星君	7695	54	130
1081	17	火焰.上生星君	7696	54	132
1081	18	火焰.文曲星君	7697	54	134
1081	19	火焰.武曲星君	7698	54	136
1081	20	火焰.益算星君	7699	54	138
1081	21	火焰.贪狼星君	7700	54	140
1081	22	火焰.司命星君	7701	54	142
1081	23	火焰.破军星君	7702	54	144
1082	11	诅咒.廉贞星君	7703	55	123
1082	12	诅咒.禄存星君	7704	55	125
1082	13	诅咒.巨门星君	7705	55	127
1082	14	诅咒.度厄星君	7706	55	129
1082	15	诅咒.司禄星君	7707	55	131
1082	16	诅咒.延寿星君	7708	55	133
1082	17	诅咒.上生星君	7709	55	135
1082	18	诅咒.文曲星君	7710	55	137
1082	19	诅咒.武曲星君	7711	55	139
1082	20	诅咒.益算星君	7712	55	141
1082	21	诅咒.贪狼星君	7713	55	143
1082	22	诅咒.司命星君	7714	55	145
1082	23	诅咒.破军星君	7715	55	147
1083	11	恐惧.廉贞星君	7716	56	126
1083	12	恐惧.禄存星君	7717	56	128
1083	13	恐惧.巨门星君	7718	56	130
1083	14	恐惧.度厄星君	7719	56	132
1083	15	恐惧.司禄星君	7720	56	134
1083	16	恐惧.延寿星君	7721	56	136
1083	17	恐惧.上生星君	7722	56	138
1083	18	恐惧.文曲星君	7723	56	140
1083	19	恐惧.武曲星君	7724	56	142
1083	20	恐惧.益算星君	7725	56	144
1083	21	恐惧.贪狼星君	7726	56	146
1083	22	恐惧.司命星君	7727	56	148
1083	23	恐惧.破军星君	7728	56	150
1084	11	深渊.廉贞星君	7729	57	140
1084	12	深渊.禄存星君	7730	57	142
1084	13	深渊.巨门星君	7731	57	144
1084	14	深渊.度厄星君	7732	57	146
1084	15	深渊.司禄星君	7733	57	148
1084	16	深渊.延寿星君	7734	57	150
1084	17	深渊.上生星君	7735	57	152
1084	18	深渊.文曲星君	7736	57	154
1084	19	深渊.武曲星君	7737	57	156
1084	20	深渊.益算星君	7738	57	158
1084	21	深渊.贪狼星君	7739	57	160
1084	22	深渊.司命星君	7740	57	162
1084	23	深渊.破军星君	7741	57	164
1085	11	欲界.廉贞星君	7742	58	160
1085	12	欲界.禄存星君	7743	58	162
1085	13	欲界.巨门星君	7744	58	164
1085	14	欲界.度厄星君	7745	58	166
1085	15	欲界.司禄星君	7746	58	168
1085	16	欲界.延寿星君	7747	58	170
1085	17	欲界.上生星君	7748	58	172
1085	18	欲界.文曲星君	7749	58	174
1085	19	欲界.武曲星君	7750	58	176
1085	20	欲界.益算星君	7751	58	178
1085	21	欲界.贪狼星君	7752	58	180
1085	22	欲界.司命星君	7753	58	182
1085	23	欲界.破军星君	7754	58	184
1086	11	极乐.廉贞星君	7755	59	163
1086	12	极乐.禄存星君	7756	59	165
1086	13	极乐.巨门星君	7757	59	167
1086	14	极乐.度厄星君	7758	59	169
1086	15	极乐.司禄星君	7759	59	171
1086	16	极乐.延寿星君	7760	59	173
1086	17	极乐.上生星君	7761	59	175
1086	18	极乐.文曲星君	7762	59	177
1086	19	极乐.武曲星君	7763	59	179
1086	20	极乐.益算星君	7764	59	181
1086	21	极乐.贪狼星君	7765	59	183
1086	22	极乐.司命星君	7766	59	185
1086	23	极乐.破军星君	7767	59	187
1087	11	黑暗.廉贞星君	7768	60	166
1087	12	黑暗.禄存星君	7769	60	168
1087	13	黑暗.巨门星君	7770	60	170
1087	14	黑暗.度厄星君	7771	60	172
1087	15	黑暗.司禄星君	7772	60	174
1087	16	黑暗.延寿星君	7773	60	176
1087	17	黑暗.上生星君	7774	60	178
1087	18	黑暗.文曲星君	7775	60	180
1087	19	黑暗.武曲星君	7776	60	182
1087	20	黑暗.益算星君	7777	60	184
1087	21	黑暗.贪狼星君	7778	60	186
1087	22	黑暗.司命星君	7779	60	188
1087	23	黑暗.破军星君	7780	60	190
1088	11	毁灭.廉贞星君	7781	61	170
1088	12	毁灭.禄存星君	7782	61	172
1088	13	毁灭.巨门星君	7783	61	174
1088	14	毁灭.度厄星君	7784	61	176
1088	15	毁灭.司禄星君	7785	61	178
1088	16	毁灭.延寿星君	7786	61	180
1088	17	毁灭.上生星君	7787	61	182
1088	18	毁灭.文曲星君	7788	61	184
1088	19	毁灭.武曲星君	7789	61	186
1088	20	毁灭.益算星君	7790	61	188
1088	21	毁灭.贪狼星君	7791	61	190
1088	22	毁灭.司命星君	7792	61	192
1088	23	毁灭.破军星君	7793	61	194
1089	11	小魔界.廉贞星君	7794	62	180
1089	12	小魔界.禄存星君	7795	62	182
1089	13	小魔界.巨门星君	7796	62	184
1089	14	小魔界.度厄星君	7797	62	186
1089	15	小魔界.司禄星君	7798	62	188
1089	16	小魔界.延寿星君	7799	62	190
1089	17	小魔界.上生星君	7800	62	192
1089	18	小魔界.文曲星君	7801	62	194
1089	19	小魔界.武曲星君	7802	62	196
1089	20	小魔界.益算星君	7803	62	198
1089	21	小魔界.贪狼星君	7804	62	200
1089	22	小魔界.司命星君	7805	62	202
1089	23	小魔界.破军星君	7806	62	204
1090	11	魔佛.廉贞星君	7807	63	183
1090	12	魔佛.禄存星君	7808	63	185
1090	13	魔佛.巨门星君	7809	63	187
1090	14	魔佛.度厄星君	7810	63	189
1090	15	魔佛.司禄星君	7811	63	191
1090	16	魔佛.延寿星君	7812	63	193
1090	17	魔佛.上生星君	7813	63	195
1090	18	魔佛.文曲星君	7814	63	197
1090	19	魔佛.武曲星君	7815	63	199
1090	20	魔佛.益算星君	7816	63	201
1090	21	魔佛.贪狼星君	7817	63	203
1090	22	魔佛.司命星君	7818	63	205
1090	23	魔佛.破军星君	7819	63	207
1091	11	异度.廉贞星君	7820	64	186
1091	12	异度.禄存星君	7821	64	188
1091	13	异度.巨门星君	7822	64	190
1091	14	异度.度厄星君	7823	64	192
1091	15	异度.司禄星君	7824	64	194
1091	16	异度.延寿星君	7825	64	196
1091	17	异度.上生星君	7826	64	198
1091	18	异度.文曲星君	7827	64	200
1091	19	异度.武曲星君	7828	64	202
1091	20	异度.益算星君	7829	64	204
1091	21	异度.贪狼星君	7830	64	206
1091	22	异度.司命星君	7831	64	208
1091	23	异度.破军星君	7832	64	210
1092	11	血魔.廉贞星君	7833	65	190
1092	12	血魔.禄存星君	7834	65	192
1092	13	血魔.巨门星君	7835	65	194
1092	14	血魔.度厄星君	7836	65	196
1092	15	血魔.司禄星君	7837	65	198
1092	16	血魔.延寿星君	7838	65	200
1092	17	血魔.上生星君	7839	65	202
1092	18	血魔.文曲星君	7840	65	204
1092	19	血魔.武曲星君	7841	65	206
1092	20	血魔.益算星君	7842	65	208
1092	21	血魔.贪狼星君	7843	65	210
1092	22	血魔.司命星君	7844	65	212
1092	23	血魔.破军星君	7845	65	214
1093	11	天魔.廉贞星君	7846	66	193
1093	12	天魔.禄存星君	7847	66	195
1093	13	天魔.巨门星君	7848	66	197
1093	14	天魔.度厄星君	7849	66	199
1093	15	天魔.司禄星君	7850	66	201
1093	16	天魔.延寿星君	7851	66	203
1093	17	天魔.上生星君	7852	66	205
1093	18	天魔.文曲星君	7853	66	207
1093	19	天魔.武曲星君	7854	66	209
1093	20	天魔.益算星君	7855	66	211
1093	21	天魔.贪狼星君	7856	66	213
1093	22	天魔.司命星君	7857	66	215
1093	23	天魔.破军星君	7858	66	217
1094	11	魔神.廉贞星君	7859	67	200
1094	12	魔神.禄存星君	7860	67	202
1094	13	魔神.巨门星君	7861	67	204
1094	14	魔神.度厄星君	7862	67	206
1094	15	魔神.司禄星君	7863	67	208
1094	16	魔神.延寿星君	7864	67	210
1094	17	魔神.上生星君	7865	67	212
1094	18	魔神.文曲星君	7866	67	214
1094	19	魔神.武曲星君	7867	67	216
1094	20	魔神.益算星君	7868	67	218
1094	21	魔神.贪狼星君	7869	67	220
1094	22	魔神.司命星君	7870	67	222
1094	23	魔神.破军星君	7871	67	224
