id_XBXXZ	type_XBXXZ	name_XBXXZ	master_XBXXZ	level_XBXXZ	blackshopid_XBXXZ	shopid_XBXXZ	meritshop_XBXXZ	mapid_XBXXZ	personchanllenge_XBXXZ	schoolchallenge_XBXXZ	degree_XBXXZ	mindegree_XBXXZ	maxdegree_XBXXZ	vipmindegree_XBXXZ	vipmaxdegree_XBXXZ	needreputation_XBXXZ	reducereputation_XBXXZ	dailyreward_XBXXZ	tasks_XBXXZ
1	1	梵度天	梵度大帝	1	1	68	135	1026	4001;4002;4003;4004;4005;4006;4007;4008;4009;4010;		100	5	8	7	13	1000	1000	34,1;42,1;283,100;54,9999;109,20;106,5;10,5;	2001,2004,2071,2080,2089,2156
2	1	玉隆天	玉隆大帝	1	2	69	136	1027	4011;4012;4013;4014;4015;4016;4017;4018;4019;4020;		100	5	8	7	13	1000	1000	34,1;42,1;283,108;54,9999;109,40;106,10;10,5;	2001,2005,2071,2080,2090,2157
3	1	妙成天	妙成大帝	1	3	70	137	1028	4021;4022;4023;4024;4025;4026;4027;4028;4029;4030;		100	5	8	7	13	1000	1000	34,1;42,1;283,116;54,9999;109,60;106,15;10,5;	2001,2006,2071,2080,2091,2158
4	1	无思天	无思大帝	1	4	71	138	1029	4031;4032;4033;4034;4035;4036;4037;4038;4039;4040;		100	5	8	7	13	1000	1000	34,1;42,1;283,124;54,9999;109,80;106,20;10,5;	2001,2007,2071,2080,2092,2159
5	1	元载天	元载大帝	1	5	72	139	1030	4041;4042;4043;4044;4045;4046;4047;4048;4049;4050;		100	5	8	7	13	1000	1000	34,1;42,1;283,132;54,9999;109,100;106,25;10,5;	2001,2008,2071,2080,2093,2160
6	1	灵明天	灵明大帝	1	6	73	140	1031	4051;4052;4053;4054;4055;4056;4057;4058;4059;4060;		100	5	8	7	13	1000	1000	34,1;42,1;283,140;54,9999;109,120;106,30;10,5;	2001,2009,2071,2080,2094,2161
7	1	赤明天	赤明大帝	1	7	74	141	1032	4061;4062;4063;4064;4065;4066;4067;4068;4069;4070;		100	5	8	7	13	1000	1000	34,1;42,1;283,148;54,9999;109,140;106,35;10,5;	2001,2010,2071,2080,2095,2162
8	1	太安天	太安大帝	1	8	75	142	1033	4071;4072;4073;4074;4075;4076;4077;4078;4079;4080;		100	5	8	7	13	1000	1000	34,1;42,1;283,156;54,9999;109,160;106,40;10,5;	2001,2011,2071,2080,2096,2163
9	1	荣华天	荣华大帝	1	9	76	143	1034	4081;4082;4083;4084;4085;4086;4087;4088;4089;4090;		100	5	8	7	13	1000	1000	34,1;42,1;283,164;54,9999;109,180;106,45;10,5;	2001,2012,2071,2080,2097,2164
10	1	玄明天	玄明大帝	1	10	77	144	1035	4091;4092;4093;4094;4095;4096;4097;4098;4099;4100;		100	5	8	7	13	1000	1000	34,1;42,1;283,172;54,9999;109,200;106,50;10,5;	2001,2013,2071,2080,2098,2165
11	1	玄胎天	玄胎大帝	1	11	78	145	1036	4101;4102;4103;4104;4105;4106;4107;4108;4109;4110;		100	5	8	7	13	1000	1000	34,1;42,1;283,180;54,9999;109,220;106,55;10,5;	2001,2014,2071,2080,2099,2166
12	1	太明天	太明大帝	1	12	79	146	1037	4111;4112;4113;4114;4115;4116;4117;4118;4119;4120;		100	5	8	7	13	1000	1000	34,1;42,1;283,188;54,9999;109,240;106,60;10,5;	2001,2015,2071,2080,2100,2167
13	1	太黄天	太黄大帝	1	13	80	147	1038	4121;4122;4123;4124;4125;4126;4127;4128;4129;4130;		100	5	8	7	13	1000	1000	34,1;42,1;283,196;54,9999;109,260;106,65;10,5;	2001,2016,2071,2080,2101,2168
14	1	大罗天	大罗大帝	2	14	81	148	1039	4131;4132;4133;4134;4135;4136;4137;4138;4139;4140;		200	5	8	7	13	1000	1000	34,2;42,1;283,200;54,9999;109,280;106,70;11,5;	2001,2017,2072,2081,2102,2169
15	1	始皇天	始皇大帝	2	15	82	149	1040	4141;4142;4143;4144;4145;4146;4147;4148;4149;4150;		200	5	8	7	13	1000	1000	34,2;42,1;283,216;54,9999;109,300;106,75;11,5;	2001,2018,2072,2081,2103,2170
16	1	极风天	极风大帝	2	16	83	150	1041	4151;4152;4153;4154;4155;4156;4157;4158;4159;4160;		200	5	8	7	13	1000	1000	34,2;42,1;283,232;54,9999;109,320;106,80;11,5;	2001,2019,2072,2081,2104,2171
17	1	光明天	光明大帝	2	17	84	151	1042	4161;4162;4163;4164;4165;4166;4167;4168;4169;4170;		200	5	8	7	13	1000	1000	34,2;42,1;283,248;54,9999;109,340;106,85;11,5;	2001,2020,2072,2081,2105,2172
18	1	虚无天	虚无大帝	2	18	85	152	1043	4171;4172;4173;4174;4175;4176;4177;4178;4179;4180;		200	5	8	7	13	1000	1000	34,2;42,1;283,264;54,9999;109,360;106,90;11,5;	2001,2021,2072,2081,2106,2173
19	1	七曜天	七曜大帝	2	19	86	153	1044	4181;4182;4183;4184;4185;4186;4187;4188;4189;4190;		200	5	8	7	13	1000	1000	34,2;42,1;283,280;54,9999;109,380;106,95;11,5;	2001,2022,2072,2081,2107,2174
20	1	皇笳天	皇笳大帝	3	20	87	154	1045	4191;4192;4193;4194;4195;4196;4197;4198;4199;4200;		300	5	8	7	13	1000	1000	34,3;42,1;283,300;54,9999;109,400;106,100;12,5;	2001,2023,2073,2082,2108,2175
21	1	太皇天	太皇大帝	3	21	88	155	1046	4201;4202;4203;4204;4205;4206;4207;4208;4209;4210;		300	5	8	7	13	1000	1000	34,3;42,1;283,316;54,9999;109,420;106,105;12,5;	2001,2024,2073,2082,2109,2176
22	1	太极天	太极大帝	3	22	89	156	1047	4211;4212;4213;4214;4215;4216;4217;4218;4219;4220;		300	5	8	7	13	1000	1000	34,3;42,1;283,324;54,9999;109,440;106,110;12,5;	2001,2025,2073,2082,2110,2177
23	1	玄武天	玄武大帝	4	23	90	157	1048	4221;4222;4223;4224;4225;4226;4227;4228;4229;4230;		400	5	8	7	13	1000	1000	34,4;42,1;283,400;54,9999;109,460;106,115;13,5;	2001,2026,2074,2083,2111,2178
24	1	朱雀天	朱雀大帝	4	24	91	158	1049	4231;4232;4233;4234;4235;4236;4237;4238;4239;4240;		400	5	8	7	13	1000	1000	34,4;42,1;283,416;54,9999;109,480;106,120;13,5;	2001,2027,2074,2083,2112,2179
25	1	白虎天	白虎大帝	4	25	92	159	1050	4241;4242;4243;4244;4245;4246;4247;4248;4249;4250;		400	5	8	7	13	1000	1000	34,4;42,1;283,432;54,9999;109,500;106,125;13,5;	2001,2028,2074,2083,2113,2180
26	1	青龙天	青龙大帝	4	26	93	160	1051	4251;4252;4253;4254;4255;4256;4257;4258;4259;4260;		400	5	8	7	13	1000	1000	34,4;42,1;283,448;54,9999;109,520;106,130;13,5;	2001,2029,2074,2083,2114,2181
27	1	大焚天	焚天大帝	5	27	94	161	1052	4261;4262;4263;4264;4265;4266;4267;4268;4269;4270;		500	5	8	7	13	1000	1000	34,5;42,1;283,464;54,9999;109,540;106,135;14,5;	2001,2030,2075,2084,2115,2182
28	1	东极天	青华大帝	8	28	95	162	1053	4271;4272;4273;4274;4275;4276;4277;4278;4279;4280;		800	5	8	7	13	1000	1000	34,8;42,1;283,800;54,9999;109,560;106,140;15,5;	2001,2031,2078,2087,2116,2183
29	1	西极天	天皇大帝	8	29	96	163	1054	4281;4282;4283;4284;4285;4286;4287;4288;4289;4290;		800	5	8	7	13	1000	1000	34,8;42,1;283,816;54,9999;109,580;106,145;15,5;	2001,2032,2078,2087,2117,2184
30	1	南极天	长生大帝	8	30	97	164	1055	4291;4292;4293;4294;4295;4296;4297;4298;4299;4300;		800	5	8	7	13	1000	1000	34,8;42,1;283,832;54,9999;109,600;106,150;15,5;	2001,2033,2078,2087,2118,2185
31	1	北极天	紫微大帝	8	31	98	165	1056	4301;4302;4303;4304;4305;4306;4307;4308;4309;4310;		800	5	8	7	13	1000	1000	34,8;42,1;283,848;54,9999;109,620;106,155;15,5;	2001,2034,2078,2087,2119,2186
32	1	皇地祇	后土娘娘	8	32	99	166	1057	4311;4312;4313;4314;4315;4316;4317;4318;4319;4320;		800	5	8	7	13	1000	1000	34,8;42,1;283,864;54,9999;109,640;106,160;15,5;	2001,2035,2078,2087,2120,2187
33	1	玉皇天	玉皇大帝	9	33	100	167	1058	4321;4322;4323;4324;4325;4326;4327;4328;4329;4330;		900	5	8	7	13	1000	1000	34,9;42,1;283,900;54,9999;109,660;106,165;15,5;	2001,2036,2079,2088,2121,2188
34	2	枉死地狱	枉死鬼主	3	34	101	168	1060	4331;4332;4333;4334;4335;4336;4337;4338;4339;4340;		300	5	8	7	13	1000	1000	34,3;42,1;283,300;54,9999;109,400;106,100;12,5;	2002,2037,2073,2082,2122,2189
35	2	火山地狱	火山鬼主	3	35	102	169	1061	4341;4342;4343;4344;4345;4346;4347;4348;4349;4350;		300	5	8	7	13	1000	1000	34,3;42,1;283,316;54,9999;109,420;106,105;12,5;	2002,2038,2073,2082,2123,2190
36	2	白骨地狱	白骨鬼主	3	36	103	170	1062	4351;4352;4353;4354;4355;4356;4357;4358;4359;4360;		300	5	8	7	13	1000	1000	34,3;42,1;283,332;54,9999;109,440;106,110;12,5;	2002,2039,2073,2082,2124,2191
37	2	乱魂地狱	乱魂鬼主	3	37	104	171	1063	4361;4362;4363;4364;4365;4366;4367;4368;4369;4370;		300	5	8	7	13	1000	1000	34,3;42,1;283,348;54,9999;109,460;106,115;12,5;	2002,2040,2073,2082,2125,2192
38	2	黑绳地狱	黑绳鬼主	4	38	105	172	1064	4371;4372;4373;4374;4375;4376;4377;4378;4379;4380;		400	5	8	7	13	1000	1000	34,4;42,1;283,400;54,9999;109,480;106,120;13,5;	2002,2041,2074,2083,2126,2193
39	2	寂静地狱	寂静鬼主	4	39	106	173	1065	4381;4382;4383;4384;4385;4386;4387;4388;4389;4390;		400	5	8	7	13	1000	1000	34,4;42,1;283,416;54,9999;109,500;106,125;13,5;	2002,2042,2074,2083,2127,2194
40	2	血莲地狱	血莲鬼主	4	40	107	174	1066	4391;4392;4393;4394;4395;4396;4397;4398;4399;4400;		400	5	8	7	13	1000	1000	34,4;42,1;283,432;54,9999;109,520;106,130;13,5;	2002,2043,2074,2083,2128,2195
41	2	血池地狱	血池鬼主	4	41	108	175	1067	4401;4402;4403;4404;4405;4406;4407;4408;4409;4410;		400	5	8	7	13	1000	1000	34,4;42,1;283,448;54,9999;109,540;106,135;13,5;	2002,2044,2074,2083,2129,2196
42	2	哀嚎地狱	哀嚎鬼主	4	42	109	176	1068	4411;4412;4413;4414;4415;4416;4417;4418;4419;4420;		400	5	8	7	13	1000	1000	34,4;42,1;283,464;54,9999;109,560;106,140;13,5;	2002,2045,2074,2083,2130,2197
43	2	阴灵地狱	阴灵鬼主	4	43	110	177	1069	4421;4422;4423;4424;4425;4426;4427;4428;4429;4430;		400	5	8	7	13	1000	1000	34,4;42,1;283,480;54,9999;109,580;106,145;13,5;	2002,2046,2074,2083,2131,2198
44	2	怨魂地狱	怨魂鬼主	4	44	111	178	1070	4431;4432;4433;4434;4435;4436;4437;4438;4439;4440;		400	5	8	7	13	1000	1000	34,4;42,1;283,496;54,9999;109,600;106,150;13,5;	2002,2047,2074,2083,2132,2199
45	2	冥冬地狱	冥冬鬼主	5	45	112	179	1071	4441;4442;4443;4444;4445;4446;4447;4448;4449;4450;		500	5	8	7	13	1000	1000	34,5;42,1;283,500;54,9999;109,620;106,155;14,5;	2002,2048,2075,2084,2133,2200
46	2	永夜地狱	永夜鬼主	5	46	113	180	1072	4451;4452;4453;4454;4455;4456;4457;4458;4459;4460;		500	5	8	7	13	1000	1000	34,5;42,1;283,516;54,9999;109,640;106,160;14,5;	2002,2049,2075,2084,2134,2201
47	2	寒冰地狱	寒冰鬼主	6	47	114	181	1073	4461;4462;4463;4464;4465;4466;4467;4468;4469;4470;		600	5	8	7	13	1000	1000	34,6;42,1;283,600;54,9999;109,660;106,165;15,5;	2002,2050,2076,2085,2135,2202
48	2	阿鼻地狱	阿鼻鬼主	7	48	115	182	1074	4471;4472;4473;4474;4475;4476;4477;4478;4479;4480;		700	5	8	7	13	1000	1000	34,7;42,1;283,700;54,9999;109,680;106,170;15,5;	2002,2051,2077,2086,2136,2203
49	2	阴阳地狱	阴阳鬼主	7	49	116	183	1075	4481;4482;4483;4484;4485;4486;4487;4488;4489;4490;		700	5	8	7	13	1000	1000	34,7;42,1;283,716;54,9999;109,700;106,175;15,5;	2002,2052,2077,2086,2137,2204
50	2	红莲地狱	红莲鬼主	8	50	117	184	1076	4491;4492;4493;4494;4495;4496;4497;4498;4499;4500;		800	5	8	7	13	1000	1000	34,8;42,1;283,800;54,9999;109,720;106,180;15,5;	2002,2053,2078,2087,2138,2205
51	2	青莲地狱	青莲鬼主	8	51	118	185	1077	4501;4502;4503;4504;4505;4506;4507;4508;4509;4510;		800	5	8	7	13	1000	1000	34,8;42,1;283,808;54,9999;109,740;106,185;15,5;	2002,2054,2078,2087,2139,2206
52	2	无间炼狱	冥王	9	52	119	186	1078	4511;4512;4513;4514;4515;4516;4517;4518;4519;4520;		900	5	8	7	13	1000	1000	34,9;42,1;283,900;54,9999;109,760;106,190;15,5;	2002,2055,2079,2088,2140,2207
53	3	剧毒魔界	剧毒魔王	4	53	120	187	1080	4521;4522;4523;4524;4525;4526;4527;4528;4529;4530;		400	5	8	7	13	1000	1000	34,4;42,1;283,400;54,9999;109,480;106,120;13,5;	2003,2056,2074,2083,2141,2208
54	3	火焰魔界	火焰魔王	5	54	121	188	1081	4531;4532;4533;4534;4535;4536;4537;4538;4539;4540;		500	5	8	7	13	1000	1000	34,5;42,1;283,500;54,9999;109,620;106,155;14,5;	2003,2057,2075,2084,2142,2209
55	3	诅咒魔界	诅咒魔王	5	55	122	189	1082	4541;4542;4543;4544;4545;4546;4547;4548;4549;4550;		500	5	8	7	13	1000	1000	34,5;42,1;283,516;54,9999;109,640;106,160;14,5;	2003,2058,2075,2084,2143,2210
56	3	恐惧魔界	恐惧魔王	5	56	123	190	1083	4551;4552;4553;4554;4555;4556;4557;4558;4559;4560;		500	5	8	7	13	1000	1000	34,5;42,1;283,532;54,9999;109,660;106,165;14,5;	2003,2059,2075,2084,2144,2211
57	3	深渊魔界	深渊魔王	6	57	124	191	1084	4561;4562;4563;4564;4565;4566;4567;4568;4569;4570;		600	5	8	7	13	1000	1000	34,6;42,1;283,600;54,9999;109,680;106,170;15,5;	2003,2060,2076,2085,2145,2212
58	3	欲界	第六天魔王	7	58	125	192	1085	4571;4572;4573;4574;4575;4576;4577;4578;4579;4580;		700	5	8	7	13	1000	1000	34,7;42,1;283,700;54,9999;109,700;106,175;15,5;	2003,2061,2077,2086,2146,2213
59	3	极乐界	魅惑魔王	7	59	126	193	1086	4581;4582;4583;4584;4585;4586;4587;4588;4589;4590;		700	5	8	7	13	1000	1000	34,7;42,1;283,716;54,9999;109,720;106,180;15,5;	2003,2062,2077,2086,2147,2214
60	3	黑暗魔界	黑暗魔王	7	60	127	194	1087	4591;4592;4593;4594;4595;4596;4597;4598;4599;4600;		700	5	8	7	13	1000	1000	34,7;42,1;283,732;54,9999;109,740;106,185;15,5;	2003,2063,2077,2086,2148,2215
61	3	毁灭魔界	毁灭魔王	7	61	128	195	1088	4601;4602;4603;4604;4605;4606;4607;4608;4609;4610;		700	5	8	7	13	1000	1000	34,7;42,1;283,748;54,9999;109,760;106,190;15,5;	2003,2064,2077,2086,2149,2216
62	3	小魔界	阿修罗	8	62	129	196	1089	4611;4612;4613;4614;4615;4616;4617;4618;4619;4620;		800	5	8	7	13	1000	1000	34,8;42,1;283,800;54,9999;109,780;106,195;15,5;	2003,2065,2078,2087,2150,2217
63	3	魔佛界	魔佛主	8	63	130	197	1090	4621;4622;4623;4624;4625;4626;4627;4628;4629;4630;		800	5	8	7	13	1000	1000	34,8;42,1;283,816;54,9999;109,800;106,200;15,5;	2003,2066,2078,2087,2151,2218
64	3	异度魔界	弃天帝	8	64	131	198	1091	4631;4632;4633;4634;4635;4636;4637;4638;4639;4640;		800	5	8	7	13	1000	1000	34,8;42,1;283,832;54,9999;109,820;106,205;15,5;	2003,2067,2078,2087,2152,2219
65	3	血魔界	血魔老祖	8	65	132	199	1092	4641;4642;4643;4644;4645;4646;4647;4648;4649;4650;		800	5	8	7	13	1000	1000	34,8;42,1;283,848;54,9999;109,840;106,210;15,5;	2003,2068,2078,2087,2153,2220
66	3	天魔界	大天魔	8	66	133	200	1093	4651;4652;4653;4654;4655;4656;4657;4658;4659;4660;		800	5	8	7	13	1000	1000	34,8;42,1;283,864;54,9999;109,860;106,215;15,5;	2003,2069,2078,2087,2154,2221
67	3	魔神界	魔帝	9	67	134	201	1094	4661;4662;4663;4664;4665;4666;4667;4668;4669;4670;		900	5	8	7	13	1000	1000	34,9;42,1;283,900;54,9999;109,880;106,220;15,5;	2003,2070,2079,2088,2155,2222
