level_XBXXZ	neednum_XBXXZ	exp_XBXXZ	itemid_XBXXZ	text_XBXXZ
1	1	10000000		茶香渺渺，{0}道心清明，静心感悟天道。过往的修炼经历浮现脑海，经过一番感悟，{1}道心愈发坚定，于修炼大道上，略有收获！修为增加了：{2}
2	1	10200000		茶香渺渺，{0}道心清明，静心感悟天道。过往的修炼经历浮现脑海，经过一番感悟，{1}道心愈发坚定，于修炼大道上，略有收获！修为增加了：{2}
3	1	10400000		茶香渺渺，{0}道心清明，静心感悟天道。过往的修炼经历浮现脑海，经过一番感悟，{1}道心愈发坚定，于修炼大道上，略有收获！修为增加了：{2}
4	1	10600000		茶香渺渺，{0}道心清明，静心感悟天道。过往的修炼经历浮现脑海，经过一番感悟，{1}道心愈发坚定，于修炼大道上，略有收获！修为增加了：{2}
5	1	10800000		茶香渺渺，{0}道心清明，静心感悟天道。过往的修炼经历浮现脑海，经过一番感悟，{1}道心愈发坚定，于修炼大道上，略有收获！修为增加了：{2}
6	1	11000000		茶香渺渺，{0}道心清明，静心感悟天道。过往的修炼经历浮现脑海，经过一番感悟，{1}道心愈发坚定，于修炼大道上，略有收获！修为增加了：{2}
7	1	11200000		茶香渺渺，{0}道心清明，静心感悟天道。过往的修炼经历浮现脑海，经过一番感悟，{1}道心愈发坚定，于修炼大道上，略有收获！修为增加了：{2}
8	1	11400000		茶香渺渺，{0}道心清明，静心感悟天道。过往的修炼经历浮现脑海，经过一番感悟，{1}道心愈发坚定，于修炼大道上，略有收获！修为增加了：{2}
9	1	11600000		茶香渺渺，{0}道心清明，静心感悟天道。过往的修炼经历浮现脑海，经过一番感悟，{1}道心愈发坚定，于修炼大道上，略有收获！修为增加了：{2}
10	1	11800000	2834	茶香渺渺，{0}道心清明，静心感悟天道。过往的修炼经历浮现脑海，经过一番感悟，{1}道心愈发坚定，于修炼大道上，大有收获！修为增加了：{2}，同时领悟了一套新的修炼秘诀：《{3}》
11	1	12000000		茶香渺渺，{0}道心清明，静心感悟天道。过往的修炼经历浮现脑海，经过一番感悟，{1}道心愈发坚定，于修炼大道上，略有收获！修为增加了：{2}
12	1	12200000		茶香渺渺，{0}道心清明，静心感悟天道。过往的修炼经历浮现脑海，经过一番感悟，{1}道心愈发坚定，于修炼大道上，略有收获！修为增加了：{2}
13	1	12400000		茶香渺渺，{0}道心清明，静心感悟天道。过往的修炼经历浮现脑海，经过一番感悟，{1}道心愈发坚定，于修炼大道上，略有收获！修为增加了：{2}
14	1	12600000		茶香渺渺，{0}道心清明，静心感悟天道。过往的修炼经历浮现脑海，经过一番感悟，{1}道心愈发坚定，于修炼大道上，略有收获！修为增加了：{2}
15	1	12800000		茶香渺渺，{0}道心清明，静心感悟天道。过往的修炼经历浮现脑海，经过一番感悟，{1}道心愈发坚定，于修炼大道上，略有收获！修为增加了：{2}
16	1	13000000		茶香渺渺，{0}道心清明，静心感悟天道。过往的修炼经历浮现脑海，经过一番感悟，{1}道心愈发坚定，于修炼大道上，略有收获！修为增加了：{2}
17	1	13200000		茶香渺渺，{0}道心清明，静心感悟天道。过往的修炼经历浮现脑海，经过一番感悟，{1}道心愈发坚定，于修炼大道上，略有收获！修为增加了：{2}
18	1	13400000		茶香渺渺，{0}道心清明，静心感悟天道。过往的修炼经历浮现脑海，经过一番感悟，{1}道心愈发坚定，于修炼大道上，略有收获！修为增加了：{2}
19	1	13600000		茶香渺渺，{0}道心清明，静心感悟天道。过往的修炼经历浮现脑海，经过一番感悟，{1}道心愈发坚定，于修炼大道上，略有收获！修为增加了：{2}
20	1	13800000	2835	茶香渺渺，{0}道心清明，静心感悟天道。过往的修炼经历浮现脑海，经过一番感悟，{1}道心愈发坚定，于修炼大道上，大有收获！修为增加了：{2}，同时领悟了一套新的修炼秘诀：《{3}》
21	1	14000000		茶香渺渺，{0}道心清明，静心感悟天道。过往的修炼经历浮现脑海，经过一番感悟，{1}道心愈发坚定，于修炼大道上，略有收获！修为增加了：{2}
22	1	14200000		茶香渺渺，{0}道心清明，静心感悟天道。过往的修炼经历浮现脑海，经过一番感悟，{1}道心愈发坚定，于修炼大道上，略有收获！修为增加了：{2}
23	1	14400000		茶香渺渺，{0}道心清明，静心感悟天道。过往的修炼经历浮现脑海，经过一番感悟，{1}道心愈发坚定，于修炼大道上，略有收获！修为增加了：{2}
24	1	14600000		茶香渺渺，{0}道心清明，静心感悟天道。过往的修炼经历浮现脑海，经过一番感悟，{1}道心愈发坚定，于修炼大道上，略有收获！修为增加了：{2}
25	1	14800000		茶香渺渺，{0}道心清明，静心感悟天道。过往的修炼经历浮现脑海，经过一番感悟，{1}道心愈发坚定，于修炼大道上，略有收获！修为增加了：{2}
26	1	15000000		茶香渺渺，{0}道心清明，静心感悟天道。过往的修炼经历浮现脑海，经过一番感悟，{1}道心愈发坚定，于修炼大道上，略有收获！修为增加了：{2}
27	1	15200000		茶香渺渺，{0}道心清明，静心感悟天道。过往的修炼经历浮现脑海，经过一番感悟，{1}道心愈发坚定，于修炼大道上，略有收获！修为增加了：{2}
28	1	15400000		茶香渺渺，{0}道心清明，静心感悟天道。过往的修炼经历浮现脑海，经过一番感悟，{1}道心愈发坚定，于修炼大道上，略有收获！修为增加了：{2}
29	1	15600000		茶香渺渺，{0}道心清明，静心感悟天道。过往的修炼经历浮现脑海，经过一番感悟，{1}道心愈发坚定，于修炼大道上，略有收获！修为增加了：{2}
30	1	15800000	2836	茶香渺渺，{0}道心清明，静心感悟天道。过往的修炼经历浮现脑海，经过一番感悟，{1}道心愈发坚定，于修炼大道上，大有收获！修为增加了：{2}，同时领悟了一套新的修炼秘诀：《{3}》
31	1	16000000		茶香渺渺，{0}道心清明，静心感悟天道。过往的修炼经历浮现脑海，经过一番感悟，{1}道心愈发坚定，于修炼大道上，略有收获！修为增加了：{2}
32	1	16200000		茶香渺渺，{0}道心清明，静心感悟天道。过往的修炼经历浮现脑海，经过一番感悟，{1}道心愈发坚定，于修炼大道上，略有收获！修为增加了：{2}
33	1	16400000		茶香渺渺，{0}道心清明，静心感悟天道。过往的修炼经历浮现脑海，经过一番感悟，{1}道心愈发坚定，于修炼大道上，略有收获！修为增加了：{2}
34	1	16600000		茶香渺渺，{0}道心清明，静心感悟天道。过往的修炼经历浮现脑海，经过一番感悟，{1}道心愈发坚定，于修炼大道上，略有收获！修为增加了：{2}
35	1	16800000		茶香渺渺，{0}道心清明，静心感悟天道。过往的修炼经历浮现脑海，经过一番感悟，{1}道心愈发坚定，于修炼大道上，略有收获！修为增加了：{2}
36	1	17000000		茶香渺渺，{0}道心清明，静心感悟天道。过往的修炼经历浮现脑海，经过一番感悟，{1}道心愈发坚定，于修炼大道上，略有收获！修为增加了：{2}
37	1	17200000		茶香渺渺，{0}道心清明，静心感悟天道。过往的修炼经历浮现脑海，经过一番感悟，{1}道心愈发坚定，于修炼大道上，略有收获！修为增加了：{2}
38	1	17400000		茶香渺渺，{0}道心清明，静心感悟天道。过往的修炼经历浮现脑海，经过一番感悟，{1}道心愈发坚定，于修炼大道上，略有收获！修为增加了：{2}
39	1	17600000		茶香渺渺，{0}道心清明，静心感悟天道。过往的修炼经历浮现脑海，经过一番感悟，{1}道心愈发坚定，于修炼大道上，略有收获！修为增加了：{2}
40	1	17800000	2837	茶香渺渺，{0}道心清明，静心感悟天道。过往的修炼经历浮现脑海，经过一番感悟，{1}道心愈发坚定，于修炼大道上，大有收获！修为增加了：{2}，同时领悟了一套新的修炼秘诀：《{3}》
41	1	18000000		茶香渺渺，{0}道心清明，静心感悟天道。过往的修炼经历浮现脑海，经过一番感悟，{1}道心愈发坚定，于修炼大道上，略有收获！修为增加了：{2}
42	1	18200000		茶香渺渺，{0}道心清明，静心感悟天道。过往的修炼经历浮现脑海，经过一番感悟，{1}道心愈发坚定，于修炼大道上，略有收获！修为增加了：{2}
43	1	18400000		茶香渺渺，{0}道心清明，静心感悟天道。过往的修炼经历浮现脑海，经过一番感悟，{1}道心愈发坚定，于修炼大道上，略有收获！修为增加了：{2}
44	1	18600000		茶香渺渺，{0}道心清明，静心感悟天道。过往的修炼经历浮现脑海，经过一番感悟，{1}道心愈发坚定，于修炼大道上，略有收获！修为增加了：{2}
45	1	18800000		茶香渺渺，{0}道心清明，静心感悟天道。过往的修炼经历浮现脑海，经过一番感悟，{1}道心愈发坚定，于修炼大道上，略有收获！修为增加了：{2}
46	1	19000000		茶香渺渺，{0}道心清明，静心感悟天道。过往的修炼经历浮现脑海，经过一番感悟，{1}道心愈发坚定，于修炼大道上，略有收获！修为增加了：{2}
47	1	19200000		茶香渺渺，{0}道心清明，静心感悟天道。过往的修炼经历浮现脑海，经过一番感悟，{1}道心愈发坚定，于修炼大道上，略有收获！修为增加了：{2}
48	1	19400000		茶香渺渺，{0}道心清明，静心感悟天道。过往的修炼经历浮现脑海，经过一番感悟，{1}道心愈发坚定，于修炼大道上，略有收获！修为增加了：{2}
49	1	19600000		茶香渺渺，{0}道心清明，静心感悟天道。过往的修炼经历浮现脑海，经过一番感悟，{1}道心愈发坚定，于修炼大道上，略有收获！修为增加了：{2}
50	1	19800000	2838	茶香渺渺，{0}道心清明，静心感悟天道。过往的修炼经历浮现脑海，经过一番感悟，{1}道心愈发坚定，于修炼大道上，大有收获！修为增加了：{2}，同时领悟了一套新的修炼秘诀：《{3}》
51	1	20000000		茶香渺渺，{0}道心清明，静心感悟天道。过往的修炼经历浮现脑海，经过一番感悟，{1}道心愈发坚定，于修炼大道上，略有收获！修为增加了：{2}
52	1	20200000		茶香渺渺，{0}道心清明，静心感悟天道。过往的修炼经历浮现脑海，经过一番感悟，{1}道心愈发坚定，于修炼大道上，略有收获！修为增加了：{2}
53	1	20400000		茶香渺渺，{0}道心清明，静心感悟天道。过往的修炼经历浮现脑海，经过一番感悟，{1}道心愈发坚定，于修炼大道上，略有收获！修为增加了：{2}
54	1	20600000		茶香渺渺，{0}道心清明，静心感悟天道。过往的修炼经历浮现脑海，经过一番感悟，{1}道心愈发坚定，于修炼大道上，略有收获！修为增加了：{2}
55	1	20800000		茶香渺渺，{0}道心清明，静心感悟天道。过往的修炼经历浮现脑海，经过一番感悟，{1}道心愈发坚定，于修炼大道上，略有收获！修为增加了：{2}
56	1	21000000		茶香渺渺，{0}道心清明，静心感悟天道。过往的修炼经历浮现脑海，经过一番感悟，{1}道心愈发坚定，于修炼大道上，略有收获！修为增加了：{2}
57	1	21200000		茶香渺渺，{0}道心清明，静心感悟天道。过往的修炼经历浮现脑海，经过一番感悟，{1}道心愈发坚定，于修炼大道上，略有收获！修为增加了：{2}
58	1	21400000		茶香渺渺，{0}道心清明，静心感悟天道。过往的修炼经历浮现脑海，经过一番感悟，{1}道心愈发坚定，于修炼大道上，略有收获！修为增加了：{2}
59	1	21600000		茶香渺渺，{0}道心清明，静心感悟天道。过往的修炼经历浮现脑海，经过一番感悟，{1}道心愈发坚定，于修炼大道上，略有收获！修为增加了：{2}
60	1	21800000	2839	茶香渺渺，{0}道心清明，静心感悟天道。过往的修炼经历浮现脑海，经过一番感悟，{1}道心愈发坚定，于修炼大道上，大有收获！修为增加了：{2}，同时领悟了一套新的修炼秘诀：《{3}》
61	1	22000000		茶香渺渺，{0}道心清明，静心感悟天道。过往的修炼经历浮现脑海，经过一番感悟，{1}道心愈发坚定，于修炼大道上，略有收获！修为增加了：{2}
62	1	22200000		茶香渺渺，{0}道心清明，静心感悟天道。过往的修炼经历浮现脑海，经过一番感悟，{1}道心愈发坚定，于修炼大道上，略有收获！修为增加了：{2}
63	1	22400000		茶香渺渺，{0}道心清明，静心感悟天道。过往的修炼经历浮现脑海，经过一番感悟，{1}道心愈发坚定，于修炼大道上，略有收获！修为增加了：{2}
64	1	22600000		茶香渺渺，{0}道心清明，静心感悟天道。过往的修炼经历浮现脑海，经过一番感悟，{1}道心愈发坚定，于修炼大道上，略有收获！修为增加了：{2}
65	1	22800000		茶香渺渺，{0}道心清明，静心感悟天道。过往的修炼经历浮现脑海，经过一番感悟，{1}道心愈发坚定，于修炼大道上，略有收获！修为增加了：{2}
66	1	23000000		茶香渺渺，{0}道心清明，静心感悟天道。过往的修炼经历浮现脑海，经过一番感悟，{1}道心愈发坚定，于修炼大道上，略有收获！修为增加了：{2}
67	1	23200000		茶香渺渺，{0}道心清明，静心感悟天道。过往的修炼经历浮现脑海，经过一番感悟，{1}道心愈发坚定，于修炼大道上，略有收获！修为增加了：{2}
68	1	23400000		茶香渺渺，{0}道心清明，静心感悟天道。过往的修炼经历浮现脑海，经过一番感悟，{1}道心愈发坚定，于修炼大道上，略有收获！修为增加了：{2}
69	1	23600000		茶香渺渺，{0}道心清明，静心感悟天道。过往的修炼经历浮现脑海，经过一番感悟，{1}道心愈发坚定，于修炼大道上，略有收获！修为增加了：{2}
70	1	23800000	2840	茶香渺渺，{0}道心清明，静心感悟天道。过往的修炼经历浮现脑海，经过一番感悟，{1}道心愈发坚定，于修炼大道上，大有收获！修为增加了：{2}，同时领悟了一套新的修炼秘诀：《{3}》
71	1	24000000		茶香渺渺，{0}道心清明，静心感悟天道。过往的修炼经历浮现脑海，经过一番感悟，{1}道心愈发坚定，于修炼大道上，略有收获！修为增加了：{2}
72	1	24200000		茶香渺渺，{0}道心清明，静心感悟天道。过往的修炼经历浮现脑海，经过一番感悟，{1}道心愈发坚定，于修炼大道上，略有收获！修为增加了：{2}
73	1	24400000		茶香渺渺，{0}道心清明，静心感悟天道。过往的修炼经历浮现脑海，经过一番感悟，{1}道心愈发坚定，于修炼大道上，略有收获！修为增加了：{2}
74	1	24600000		茶香渺渺，{0}道心清明，静心感悟天道。过往的修炼经历浮现脑海，经过一番感悟，{1}道心愈发坚定，于修炼大道上，略有收获！修为增加了：{2}
75	1	24800000		茶香渺渺，{0}道心清明，静心感悟天道。过往的修炼经历浮现脑海，经过一番感悟，{1}道心愈发坚定，于修炼大道上，略有收获！修为增加了：{2}
76	1	25000000		茶香渺渺，{0}道心清明，静心感悟天道。过往的修炼经历浮现脑海，经过一番感悟，{1}道心愈发坚定，于修炼大道上，略有收获！修为增加了：{2}
77	1	25200000		茶香渺渺，{0}道心清明，静心感悟天道。过往的修炼经历浮现脑海，经过一番感悟，{1}道心愈发坚定，于修炼大道上，略有收获！修为增加了：{2}
78	1	25400000		茶香渺渺，{0}道心清明，静心感悟天道。过往的修炼经历浮现脑海，经过一番感悟，{1}道心愈发坚定，于修炼大道上，略有收获！修为增加了：{2}
79	1	25600000		茶香渺渺，{0}道心清明，静心感悟天道。过往的修炼经历浮现脑海，经过一番感悟，{1}道心愈发坚定，于修炼大道上，略有收获！修为增加了：{2}
80	1	25800000	2841	茶香渺渺，{0}道心清明，静心感悟天道。过往的修炼经历浮现脑海，经过一番感悟，{1}道心愈发坚定，于修炼大道上，大有收获！修为增加了：{2}，同时领悟了一套新的修炼秘诀：《{3}》
81	1	26000000		茶香渺渺，{0}道心清明，静心感悟天道。过往的修炼经历浮现脑海，经过一番感悟，{1}道心愈发坚定，于修炼大道上，略有收获！修为增加了：{2}
82	1	26200000		茶香渺渺，{0}道心清明，静心感悟天道。过往的修炼经历浮现脑海，经过一番感悟，{1}道心愈发坚定，于修炼大道上，略有收获！修为增加了：{2}
83	1	26400000		茶香渺渺，{0}道心清明，静心感悟天道。过往的修炼经历浮现脑海，经过一番感悟，{1}道心愈发坚定，于修炼大道上，略有收获！修为增加了：{2}
84	1	26600000		茶香渺渺，{0}道心清明，静心感悟天道。过往的修炼经历浮现脑海，经过一番感悟，{1}道心愈发坚定，于修炼大道上，略有收获！修为增加了：{2}
85	1	26800000		茶香渺渺，{0}道心清明，静心感悟天道。过往的修炼经历浮现脑海，经过一番感悟，{1}道心愈发坚定，于修炼大道上，略有收获！修为增加了：{2}
86	1	27000000		茶香渺渺，{0}道心清明，静心感悟天道。过往的修炼经历浮现脑海，经过一番感悟，{1}道心愈发坚定，于修炼大道上，略有收获！修为增加了：{2}
87	1	27200000		茶香渺渺，{0}道心清明，静心感悟天道。过往的修炼经历浮现脑海，经过一番感悟，{1}道心愈发坚定，于修炼大道上，略有收获！修为增加了：{2}
88	1	27400000		茶香渺渺，{0}道心清明，静心感悟天道。过往的修炼经历浮现脑海，经过一番感悟，{1}道心愈发坚定，于修炼大道上，略有收获！修为增加了：{2}
89	1	27600000		茶香渺渺，{0}道心清明，静心感悟天道。过往的修炼经历浮现脑海，经过一番感悟，{1}道心愈发坚定，于修炼大道上，略有收获！修为增加了：{2}
90	1	27800000	2842	茶香渺渺，{0}道心清明，静心感悟天道。过往的修炼经历浮现脑海，经过一番感悟，{1}道心愈发坚定，于修炼大道上，大有收获！修为增加了：{2}，同时领悟了一套新的修炼秘诀：《{3}》
91	1	28000000		茶香渺渺，{0}道心清明，静心感悟天道。过往的修炼经历浮现脑海，经过一番感悟，{1}道心愈发坚定，于修炼大道上，略有收获！修为增加了：{2}
92	1	28200000		茶香渺渺，{0}道心清明，静心感悟天道。过往的修炼经历浮现脑海，经过一番感悟，{1}道心愈发坚定，于修炼大道上，略有收获！修为增加了：{2}
93	1	28400000		茶香渺渺，{0}道心清明，静心感悟天道。过往的修炼经历浮现脑海，经过一番感悟，{1}道心愈发坚定，于修炼大道上，略有收获！修为增加了：{2}
94	1	28600000		茶香渺渺，{0}道心清明，静心感悟天道。过往的修炼经历浮现脑海，经过一番感悟，{1}道心愈发坚定，于修炼大道上，略有收获！修为增加了：{2}
95	1	28800000		茶香渺渺，{0}道心清明，静心感悟天道。过往的修炼经历浮现脑海，经过一番感悟，{1}道心愈发坚定，于修炼大道上，略有收获！修为增加了：{2}
96	1	29000000		茶香渺渺，{0}道心清明，静心感悟天道。过往的修炼经历浮现脑海，经过一番感悟，{1}道心愈发坚定，于修炼大道上，略有收获！修为增加了：{2}
97	1	29200000		茶香渺渺，{0}道心清明，静心感悟天道。过往的修炼经历浮现脑海，经过一番感悟，{1}道心愈发坚定，于修炼大道上，略有收获！修为增加了：{2}
98	1	29400000		茶香渺渺，{0}道心清明，静心感悟天道。过往的修炼经历浮现脑海，经过一番感悟，{1}道心愈发坚定，于修炼大道上，略有收获！修为增加了：{2}
99	1	29600000		茶香渺渺，{0}道心清明，静心感悟天道。过往的修炼经历浮现脑海，经过一番感悟，{1}道心愈发坚定，于修炼大道上，略有收获！修为增加了：{2}
100	1	29800000	2843	茶香渺渺，{0}道心清明，静心感悟天道。过往的修炼经历浮现脑海，经过一番感悟，{1}道心愈发坚定，于修炼大道上，大有收获！修为增加了：{2}，同时领悟了一套新的修炼秘诀：《{3}》
101	1	30000000		茶香渺渺，{0}道心清明，静心感悟天道。过往的修炼经历浮现脑海，经过一番感悟，{1}道心愈发坚定，于修炼大道上，略有收获！修为增加了：{2}
102	1	30200000		茶香渺渺，{0}道心清明，静心感悟天道。过往的修炼经历浮现脑海，经过一番感悟，{1}道心愈发坚定，于修炼大道上，略有收获！修为增加了：{2}
103	1	30400000		茶香渺渺，{0}道心清明，静心感悟天道。过往的修炼经历浮现脑海，经过一番感悟，{1}道心愈发坚定，于修炼大道上，略有收获！修为增加了：{2}
104	1	30600000		茶香渺渺，{0}道心清明，静心感悟天道。过往的修炼经历浮现脑海，经过一番感悟，{1}道心愈发坚定，于修炼大道上，略有收获！修为增加了：{2}
105	1	30800000		茶香渺渺，{0}道心清明，静心感悟天道。过往的修炼经历浮现脑海，经过一番感悟，{1}道心愈发坚定，于修炼大道上，略有收获！修为增加了：{2}
106	1	31000000		茶香渺渺，{0}道心清明，静心感悟天道。过往的修炼经历浮现脑海，经过一番感悟，{1}道心愈发坚定，于修炼大道上，略有收获！修为增加了：{2}
107	1	31200000		茶香渺渺，{0}道心清明，静心感悟天道。过往的修炼经历浮现脑海，经过一番感悟，{1}道心愈发坚定，于修炼大道上，略有收获！修为增加了：{2}
108	1	31400000		茶香渺渺，{0}道心清明，静心感悟天道。过往的修炼经历浮现脑海，经过一番感悟，{1}道心愈发坚定，于修炼大道上，略有收获！修为增加了：{2}
109	1	31600000		茶香渺渺，{0}道心清明，静心感悟天道。过往的修炼经历浮现脑海，经过一番感悟，{1}道心愈发坚定，于修炼大道上，略有收获！修为增加了：{2}
110	1	31800000	2844	茶香渺渺，{0}道心清明，静心感悟天道。过往的修炼经历浮现脑海，经过一番感悟，{1}道心愈发坚定，于修炼大道上，大有收获！修为增加了：{2}，同时领悟了一套新的修炼秘诀：《{3}》
111	1	32000000		茶香渺渺，{0}道心清明，静心感悟天道。过往的修炼经历浮现脑海，经过一番感悟，{1}道心愈发坚定，于修炼大道上，略有收获！修为增加了：{2}
112	1	32200000		茶香渺渺，{0}道心清明，静心感悟天道。过往的修炼经历浮现脑海，经过一番感悟，{1}道心愈发坚定，于修炼大道上，略有收获！修为增加了：{2}
113	1	32400000		茶香渺渺，{0}道心清明，静心感悟天道。过往的修炼经历浮现脑海，经过一番感悟，{1}道心愈发坚定，于修炼大道上，略有收获！修为增加了：{2}
114	1	32600000		茶香渺渺，{0}道心清明，静心感悟天道。过往的修炼经历浮现脑海，经过一番感悟，{1}道心愈发坚定，于修炼大道上，略有收获！修为增加了：{2}
115	1	32800000		茶香渺渺，{0}道心清明，静心感悟天道。过往的修炼经历浮现脑海，经过一番感悟，{1}道心愈发坚定，于修炼大道上，略有收获！修为增加了：{2}
116	1	33000000		茶香渺渺，{0}道心清明，静心感悟天道。过往的修炼经历浮现脑海，经过一番感悟，{1}道心愈发坚定，于修炼大道上，略有收获！修为增加了：{2}
117	1	33200000		茶香渺渺，{0}道心清明，静心感悟天道。过往的修炼经历浮现脑海，经过一番感悟，{1}道心愈发坚定，于修炼大道上，略有收获！修为增加了：{2}
118	1	33400000		茶香渺渺，{0}道心清明，静心感悟天道。过往的修炼经历浮现脑海，经过一番感悟，{1}道心愈发坚定，于修炼大道上，略有收获！修为增加了：{2}
119	1	33600000		茶香渺渺，{0}道心清明，静心感悟天道。过往的修炼经历浮现脑海，经过一番感悟，{1}道心愈发坚定，于修炼大道上，略有收获！修为增加了：{2}
120	1	33800000	2845	茶香渺渺，{0}道心清明，静心感悟天道。过往的修炼经历浮现脑海，经过一番感悟，{1}道心愈发坚定，于修炼大道上，大有收获！修为增加了：{2}，同时领悟了一套新的修炼秘诀：《{3}》
121	1	34000000		茶香渺渺，{0}道心清明，静心感悟天道。过往的修炼经历浮现脑海，经过一番感悟，{1}道心愈发坚定，于修炼大道上，略有收获！修为增加了：{2}
122	1	34200000		茶香渺渺，{0}道心清明，静心感悟天道。过往的修炼经历浮现脑海，经过一番感悟，{1}道心愈发坚定，于修炼大道上，略有收获！修为增加了：{2}
123	1	34400000		茶香渺渺，{0}道心清明，静心感悟天道。过往的修炼经历浮现脑海，经过一番感悟，{1}道心愈发坚定，于修炼大道上，略有收获！修为增加了：{2}
124	1	34600000		茶香渺渺，{0}道心清明，静心感悟天道。过往的修炼经历浮现脑海，经过一番感悟，{1}道心愈发坚定，于修炼大道上，略有收获！修为增加了：{2}
125	1	34800000		茶香渺渺，{0}道心清明，静心感悟天道。过往的修炼经历浮现脑海，经过一番感悟，{1}道心愈发坚定，于修炼大道上，略有收获！修为增加了：{2}
126	1	35000000		茶香渺渺，{0}道心清明，静心感悟天道。过往的修炼经历浮现脑海，经过一番感悟，{1}道心愈发坚定，于修炼大道上，略有收获！修为增加了：{2}
127	1	35200000		茶香渺渺，{0}道心清明，静心感悟天道。过往的修炼经历浮现脑海，经过一番感悟，{1}道心愈发坚定，于修炼大道上，略有收获！修为增加了：{2}
128	1	35400000		茶香渺渺，{0}道心清明，静心感悟天道。过往的修炼经历浮现脑海，经过一番感悟，{1}道心愈发坚定，于修炼大道上，略有收获！修为增加了：{2}
129	1	35600000		茶香渺渺，{0}道心清明，静心感悟天道。过往的修炼经历浮现脑海，经过一番感悟，{1}道心愈发坚定，于修炼大道上，略有收获！修为增加了：{2}
130	1	35800000	2846	茶香渺渺，{0}道心清明，静心感悟天道。过往的修炼经历浮现脑海，经过一番感悟，{1}道心愈发坚定，于修炼大道上，大有收获！修为增加了：{2}，同时领悟了一套新的修炼秘诀：《{3}》
131	1	36000000		茶香渺渺，{0}道心清明，静心感悟天道。过往的修炼经历浮现脑海，经过一番感悟，{1}道心愈发坚定，于修炼大道上，略有收获！修为增加了：{2}
132	1	36200000		茶香渺渺，{0}道心清明，静心感悟天道。过往的修炼经历浮现脑海，经过一番感悟，{1}道心愈发坚定，于修炼大道上，略有收获！修为增加了：{2}
133	1	36400000		茶香渺渺，{0}道心清明，静心感悟天道。过往的修炼经历浮现脑海，经过一番感悟，{1}道心愈发坚定，于修炼大道上，略有收获！修为增加了：{2}
134	1	36600000		茶香渺渺，{0}道心清明，静心感悟天道。过往的修炼经历浮现脑海，经过一番感悟，{1}道心愈发坚定，于修炼大道上，略有收获！修为增加了：{2}
135	1	36800000		茶香渺渺，{0}道心清明，静心感悟天道。过往的修炼经历浮现脑海，经过一番感悟，{1}道心愈发坚定，于修炼大道上，略有收获！修为增加了：{2}
136	1	37000000		茶香渺渺，{0}道心清明，静心感悟天道。过往的修炼经历浮现脑海，经过一番感悟，{1}道心愈发坚定，于修炼大道上，略有收获！修为增加了：{2}
137	1	37200000		茶香渺渺，{0}道心清明，静心感悟天道。过往的修炼经历浮现脑海，经过一番感悟，{1}道心愈发坚定，于修炼大道上，略有收获！修为增加了：{2}
138	1	37400000		茶香渺渺，{0}道心清明，静心感悟天道。过往的修炼经历浮现脑海，经过一番感悟，{1}道心愈发坚定，于修炼大道上，略有收获！修为增加了：{2}
139	1	37600000		茶香渺渺，{0}道心清明，静心感悟天道。过往的修炼经历浮现脑海，经过一番感悟，{1}道心愈发坚定，于修炼大道上，略有收获！修为增加了：{2}
140	1	37800000	2847	茶香渺渺，{0}道心清明，静心感悟天道。过往的修炼经历浮现脑海，经过一番感悟，{1}道心愈发坚定，于修炼大道上，大有收获！修为增加了：{2}，同时领悟了一套新的修炼秘诀：《{3}》
141	1	38000000		茶香渺渺，{0}道心清明，静心感悟天道。过往的修炼经历浮现脑海，经过一番感悟，{1}道心愈发坚定，于修炼大道上，略有收获！修为增加了：{2}
142	1	38200000		茶香渺渺，{0}道心清明，静心感悟天道。过往的修炼经历浮现脑海，经过一番感悟，{1}道心愈发坚定，于修炼大道上，略有收获！修为增加了：{2}
143	1	38400000		茶香渺渺，{0}道心清明，静心感悟天道。过往的修炼经历浮现脑海，经过一番感悟，{1}道心愈发坚定，于修炼大道上，略有收获！修为增加了：{2}
144	1	38600000		茶香渺渺，{0}道心清明，静心感悟天道。过往的修炼经历浮现脑海，经过一番感悟，{1}道心愈发坚定，于修炼大道上，略有收获！修为增加了：{2}
145	1	38800000		茶香渺渺，{0}道心清明，静心感悟天道。过往的修炼经历浮现脑海，经过一番感悟，{1}道心愈发坚定，于修炼大道上，略有收获！修为增加了：{2}
146	1	39000000		茶香渺渺，{0}道心清明，静心感悟天道。过往的修炼经历浮现脑海，经过一番感悟，{1}道心愈发坚定，于修炼大道上，略有收获！修为增加了：{2}
147	1	39200000		茶香渺渺，{0}道心清明，静心感悟天道。过往的修炼经历浮现脑海，经过一番感悟，{1}道心愈发坚定，于修炼大道上，略有收获！修为增加了：{2}
148	1	39400000		茶香渺渺，{0}道心清明，静心感悟天道。过往的修炼经历浮现脑海，经过一番感悟，{1}道心愈发坚定，于修炼大道上，略有收获！修为增加了：{2}
149	1	39600000		茶香渺渺，{0}道心清明，静心感悟天道。过往的修炼经历浮现脑海，经过一番感悟，{1}道心愈发坚定，于修炼大道上，略有收获！修为增加了：{2}
150	1	39800000	2848	茶香渺渺，{0}道心清明，静心感悟天道。过往的修炼经历浮现脑海，经过一番感悟，{1}道心愈发坚定，于修炼大道上，大有收获！修为增加了：{2}，同时领悟了一套新的修炼秘诀：《{3}》
151	1	40000000		茶香渺渺，{0}道心清明，静心感悟天道。过往的修炼经历浮现脑海，经过一番感悟，{1}道心愈发坚定，于修炼大道上，略有收获！修为增加了：{2}
152	1	40200000		茶香渺渺，{0}道心清明，静心感悟天道。过往的修炼经历浮现脑海，经过一番感悟，{1}道心愈发坚定，于修炼大道上，略有收获！修为增加了：{2}
153	1	40400000		茶香渺渺，{0}道心清明，静心感悟天道。过往的修炼经历浮现脑海，经过一番感悟，{1}道心愈发坚定，于修炼大道上，略有收获！修为增加了：{2}
154	1	40600000		茶香渺渺，{0}道心清明，静心感悟天道。过往的修炼经历浮现脑海，经过一番感悟，{1}道心愈发坚定，于修炼大道上，略有收获！修为增加了：{2}
155	1	40800000		茶香渺渺，{0}道心清明，静心感悟天道。过往的修炼经历浮现脑海，经过一番感悟，{1}道心愈发坚定，于修炼大道上，略有收获！修为增加了：{2}
156	1	41000000		茶香渺渺，{0}道心清明，静心感悟天道。过往的修炼经历浮现脑海，经过一番感悟，{1}道心愈发坚定，于修炼大道上，略有收获！修为增加了：{2}
157	1	41200000		茶香渺渺，{0}道心清明，静心感悟天道。过往的修炼经历浮现脑海，经过一番感悟，{1}道心愈发坚定，于修炼大道上，略有收获！修为增加了：{2}
158	1	41400000		茶香渺渺，{0}道心清明，静心感悟天道。过往的修炼经历浮现脑海，经过一番感悟，{1}道心愈发坚定，于修炼大道上，略有收获！修为增加了：{2}
159	1	41600000		茶香渺渺，{0}道心清明，静心感悟天道。过往的修炼经历浮现脑海，经过一番感悟，{1}道心愈发坚定，于修炼大道上，略有收获！修为增加了：{2}
160	1	41800000	2849	茶香渺渺，{0}道心清明，静心感悟天道。过往的修炼经历浮现脑海，经过一番感悟，{1}道心愈发坚定，于修炼大道上，大有收获！修为增加了：{2}，同时领悟了一套新的修炼秘诀：《{3}》
161	1	42000000		茶香渺渺，{0}道心清明，静心感悟天道。过往的修炼经历浮现脑海，经过一番感悟，{1}道心愈发坚定，于修炼大道上，略有收获！修为增加了：{2}
162	1	42200000		茶香渺渺，{0}道心清明，静心感悟天道。过往的修炼经历浮现脑海，经过一番感悟，{1}道心愈发坚定，于修炼大道上，略有收获！修为增加了：{2}
163	1	42400000		茶香渺渺，{0}道心清明，静心感悟天道。过往的修炼经历浮现脑海，经过一番感悟，{1}道心愈发坚定，于修炼大道上，略有收获！修为增加了：{2}
164	1	42600000		茶香渺渺，{0}道心清明，静心感悟天道。过往的修炼经历浮现脑海，经过一番感悟，{1}道心愈发坚定，于修炼大道上，略有收获！修为增加了：{2}
165	1	42800000		茶香渺渺，{0}道心清明，静心感悟天道。过往的修炼经历浮现脑海，经过一番感悟，{1}道心愈发坚定，于修炼大道上，略有收获！修为增加了：{2}
166	1	43000000		茶香渺渺，{0}道心清明，静心感悟天道。过往的修炼经历浮现脑海，经过一番感悟，{1}道心愈发坚定，于修炼大道上，略有收获！修为增加了：{2}
167	1	43200000		茶香渺渺，{0}道心清明，静心感悟天道。过往的修炼经历浮现脑海，经过一番感悟，{1}道心愈发坚定，于修炼大道上，略有收获！修为增加了：{2}
168	1	43400000		茶香渺渺，{0}道心清明，静心感悟天道。过往的修炼经历浮现脑海，经过一番感悟，{1}道心愈发坚定，于修炼大道上，略有收获！修为增加了：{2}
169	1	43600000		茶香渺渺，{0}道心清明，静心感悟天道。过往的修炼经历浮现脑海，经过一番感悟，{1}道心愈发坚定，于修炼大道上，略有收获！修为增加了：{2}
170	1	43800000	2850	茶香渺渺，{0}道心清明，静心感悟天道。过往的修炼经历浮现脑海，经过一番感悟，{1}道心愈发坚定，于修炼大道上，大有收获！修为增加了：{2}，同时领悟了一套新的修炼秘诀：《{3}》
171	1	44000000		茶香渺渺，{0}道心清明，静心感悟天道。过往的修炼经历浮现脑海，经过一番感悟，{1}道心愈发坚定，于修炼大道上，略有收获！修为增加了：{2}
172	1	44200000		茶香渺渺，{0}道心清明，静心感悟天道。过往的修炼经历浮现脑海，经过一番感悟，{1}道心愈发坚定，于修炼大道上，略有收获！修为增加了：{2}
173	1	44400000		茶香渺渺，{0}道心清明，静心感悟天道。过往的修炼经历浮现脑海，经过一番感悟，{1}道心愈发坚定，于修炼大道上，略有收获！修为增加了：{2}
174	1	44600000		茶香渺渺，{0}道心清明，静心感悟天道。过往的修炼经历浮现脑海，经过一番感悟，{1}道心愈发坚定，于修炼大道上，略有收获！修为增加了：{2}
175	1	44800000		茶香渺渺，{0}道心清明，静心感悟天道。过往的修炼经历浮现脑海，经过一番感悟，{1}道心愈发坚定，于修炼大道上，略有收获！修为增加了：{2}
176	1	45000000		茶香渺渺，{0}道心清明，静心感悟天道。过往的修炼经历浮现脑海，经过一番感悟，{1}道心愈发坚定，于修炼大道上，略有收获！修为增加了：{2}
177	1	45200000		茶香渺渺，{0}道心清明，静心感悟天道。过往的修炼经历浮现脑海，经过一番感悟，{1}道心愈发坚定，于修炼大道上，略有收获！修为增加了：{2}
178	1	45400000		茶香渺渺，{0}道心清明，静心感悟天道。过往的修炼经历浮现脑海，经过一番感悟，{1}道心愈发坚定，于修炼大道上，略有收获！修为增加了：{2}
179	1	45600000		茶香渺渺，{0}道心清明，静心感悟天道。过往的修炼经历浮现脑海，经过一番感悟，{1}道心愈发坚定，于修炼大道上，略有收获！修为增加了：{2}
180	1	45800000	2851	茶香渺渺，{0}道心清明，静心感悟天道。过往的修炼经历浮现脑海，经过一番感悟，{1}道心愈发坚定，于修炼大道上，大有收获！修为增加了：{2}，同时领悟了一套新的修炼秘诀：《{3}》
181	2	46000000		茶香渺渺，{0}道心清明，静心感悟天道。过往的修炼经历浮现脑海，经过一番感悟，{1}道心愈发坚定，于修炼大道上，略有收获！修为增加了：{2}
182	2	46200000		茶香渺渺，{0}道心清明，静心感悟天道。过往的修炼经历浮现脑海，经过一番感悟，{1}道心愈发坚定，于修炼大道上，略有收获！修为增加了：{2}
183	2	46400000		茶香渺渺，{0}道心清明，静心感悟天道。过往的修炼经历浮现脑海，经过一番感悟，{1}道心愈发坚定，于修炼大道上，略有收获！修为增加了：{2}
184	2	46600000		茶香渺渺，{0}道心清明，静心感悟天道。过往的修炼经历浮现脑海，经过一番感悟，{1}道心愈发坚定，于修炼大道上，略有收获！修为增加了：{2}
185	2	46800000		茶香渺渺，{0}道心清明，静心感悟天道。过往的修炼经历浮现脑海，经过一番感悟，{1}道心愈发坚定，于修炼大道上，略有收获！修为增加了：{2}
186	2	47000000		茶香渺渺，{0}道心清明，静心感悟天道。过往的修炼经历浮现脑海，经过一番感悟，{1}道心愈发坚定，于修炼大道上，略有收获！修为增加了：{2}
187	2	47200000		茶香渺渺，{0}道心清明，静心感悟天道。过往的修炼经历浮现脑海，经过一番感悟，{1}道心愈发坚定，于修炼大道上，略有收获！修为增加了：{2}
188	2	47400000		茶香渺渺，{0}道心清明，静心感悟天道。过往的修炼经历浮现脑海，经过一番感悟，{1}道心愈发坚定，于修炼大道上，略有收获！修为增加了：{2}
189	2	47600000		茶香渺渺，{0}道心清明，静心感悟天道。过往的修炼经历浮现脑海，经过一番感悟，{1}道心愈发坚定，于修炼大道上，略有收获！修为增加了：{2}
190	2	47800000		茶香渺渺，{0}道心清明，静心感悟天道。过往的修炼经历浮现脑海，经过一番感悟，{1}道心愈发坚定，于修炼大道上，略有收获！修为增加了：{2}
191	2	48000000		茶香渺渺，{0}道心清明，静心感悟天道。过往的修炼经历浮现脑海，经过一番感悟，{1}道心愈发坚定，于修炼大道上，略有收获！修为增加了：{2}
192	2	48200000		茶香渺渺，{0}道心清明，静心感悟天道。过往的修炼经历浮现脑海，经过一番感悟，{1}道心愈发坚定，于修炼大道上，略有收获！修为增加了：{2}
193	2	48400000		茶香渺渺，{0}道心清明，静心感悟天道。过往的修炼经历浮现脑海，经过一番感悟，{1}道心愈发坚定，于修炼大道上，略有收获！修为增加了：{2}
194	2	48600000		茶香渺渺，{0}道心清明，静心感悟天道。过往的修炼经历浮现脑海，经过一番感悟，{1}道心愈发坚定，于修炼大道上，略有收获！修为增加了：{2}
195	2	48800000	2973	茶香渺渺，{0}道心清明，静心感悟天道。过往的修炼经历浮现脑海，经过一番感悟，{1}道心愈发坚定，于修炼大道上，大有收获！修为增加了：{2}，同时领悟了一套新的修炼秘诀：《{3}》
196	2	49000000		茶香渺渺，{0}道心清明，静心感悟天道。过往的修炼经历浮现脑海，经过一番感悟，{1}道心愈发坚定，于修炼大道上，略有收获！修为增加了：{2}
197	2	49200000		茶香渺渺，{0}道心清明，静心感悟天道。过往的修炼经历浮现脑海，经过一番感悟，{1}道心愈发坚定，于修炼大道上，略有收获！修为增加了：{2}
198	2	49400000		茶香渺渺，{0}道心清明，静心感悟天道。过往的修炼经历浮现脑海，经过一番感悟，{1}道心愈发坚定，于修炼大道上，略有收获！修为增加了：{2}
199	2	49600000		茶香渺渺，{0}道心清明，静心感悟天道。过往的修炼经历浮现脑海，经过一番感悟，{1}道心愈发坚定，于修炼大道上，略有收获！修为增加了：{2}
200	2	49800000		茶香渺渺，{0}道心清明，静心感悟天道。过往的修炼经历浮现脑海，经过一番感悟，{1}道心愈发坚定，于修炼大道上，略有收获！修为增加了：{2}
201	2	50000000		茶香渺渺，{0}道心清明，静心感悟天道。过往的修炼经历浮现脑海，经过一番感悟，{1}道心愈发坚定，于修炼大道上，略有收获！修为增加了：{2}
202	2	50200000		茶香渺渺，{0}道心清明，静心感悟天道。过往的修炼经历浮现脑海，经过一番感悟，{1}道心愈发坚定，于修炼大道上，略有收获！修为增加了：{2}
203	2	50400000		茶香渺渺，{0}道心清明，静心感悟天道。过往的修炼经历浮现脑海，经过一番感悟，{1}道心愈发坚定，于修炼大道上，略有收获！修为增加了：{2}
204	2	50600000		茶香渺渺，{0}道心清明，静心感悟天道。过往的修炼经历浮现脑海，经过一番感悟，{1}道心愈发坚定，于修炼大道上，略有收获！修为增加了：{2}
205	2	50800000		茶香渺渺，{0}道心清明，静心感悟天道。过往的修炼经历浮现脑海，经过一番感悟，{1}道心愈发坚定，于修炼大道上，略有收获！修为增加了：{2}
206	2	51000000		茶香渺渺，{0}道心清明，静心感悟天道。过往的修炼经历浮现脑海，经过一番感悟，{1}道心愈发坚定，于修炼大道上，略有收获！修为增加了：{2}
207	2	51200000		茶香渺渺，{0}道心清明，静心感悟天道。过往的修炼经历浮现脑海，经过一番感悟，{1}道心愈发坚定，于修炼大道上，略有收获！修为增加了：{2}
208	2	51400000		茶香渺渺，{0}道心清明，静心感悟天道。过往的修炼经历浮现脑海，经过一番感悟，{1}道心愈发坚定，于修炼大道上，略有收获！修为增加了：{2}
209	2	51600000		茶香渺渺，{0}道心清明，静心感悟天道。过往的修炼经历浮现脑海，经过一番感悟，{1}道心愈发坚定，于修炼大道上，略有收获！修为增加了：{2}
210	2	51800000	2974	茶香渺渺，{0}道心清明，静心感悟天道。过往的修炼经历浮现脑海，经过一番感悟，{1}道心愈发坚定，于修炼大道上，大有收获！修为增加了：{2}，同时领悟了一套新的修炼秘诀：《{3}》
211	2	52000000		茶香渺渺，{0}道心清明，静心感悟天道。过往的修炼经历浮现脑海，经过一番感悟，{1}道心愈发坚定，于修炼大道上，略有收获！修为增加了：{2}
212	2	52200000		茶香渺渺，{0}道心清明，静心感悟天道。过往的修炼经历浮现脑海，经过一番感悟，{1}道心愈发坚定，于修炼大道上，略有收获！修为增加了：{2}
213	2	52400000		茶香渺渺，{0}道心清明，静心感悟天道。过往的修炼经历浮现脑海，经过一番感悟，{1}道心愈发坚定，于修炼大道上，略有收获！修为增加了：{2}
214	2	52600000		茶香渺渺，{0}道心清明，静心感悟天道。过往的修炼经历浮现脑海，经过一番感悟，{1}道心愈发坚定，于修炼大道上，略有收获！修为增加了：{2}
215	2	52800000		茶香渺渺，{0}道心清明，静心感悟天道。过往的修炼经历浮现脑海，经过一番感悟，{1}道心愈发坚定，于修炼大道上，略有收获！修为增加了：{2}
216	2	53000000		茶香渺渺，{0}道心清明，静心感悟天道。过往的修炼经历浮现脑海，经过一番感悟，{1}道心愈发坚定，于修炼大道上，略有收获！修为增加了：{2}
217	2	53200000		茶香渺渺，{0}道心清明，静心感悟天道。过往的修炼经历浮现脑海，经过一番感悟，{1}道心愈发坚定，于修炼大道上，略有收获！修为增加了：{2}
218	2	53400000		茶香渺渺，{0}道心清明，静心感悟天道。过往的修炼经历浮现脑海，经过一番感悟，{1}道心愈发坚定，于修炼大道上，略有收获！修为增加了：{2}
219	2	53600000		茶香渺渺，{0}道心清明，静心感悟天道。过往的修炼经历浮现脑海，经过一番感悟，{1}道心愈发坚定，于修炼大道上，略有收获！修为增加了：{2}
220	2	53800000		茶香渺渺，{0}道心清明，静心感悟天道。过往的修炼经历浮现脑海，经过一番感悟，{1}道心愈发坚定，于修炼大道上，略有收获！修为增加了：{2}
221	2	54000000		茶香渺渺，{0}道心清明，静心感悟天道。过往的修炼经历浮现脑海，经过一番感悟，{1}道心愈发坚定，于修炼大道上，略有收获！修为增加了：{2}
222	2	54200000		茶香渺渺，{0}道心清明，静心感悟天道。过往的修炼经历浮现脑海，经过一番感悟，{1}道心愈发坚定，于修炼大道上，略有收获！修为增加了：{2}
223	2	54400000		茶香渺渺，{0}道心清明，静心感悟天道。过往的修炼经历浮现脑海，经过一番感悟，{1}道心愈发坚定，于修炼大道上，略有收获！修为增加了：{2}
224	2	54600000		茶香渺渺，{0}道心清明，静心感悟天道。过往的修炼经历浮现脑海，经过一番感悟，{1}道心愈发坚定，于修炼大道上，略有收获！修为增加了：{2}
225	2	54800000	2975	茶香渺渺，{0}道心清明，静心感悟天道。过往的修炼经历浮现脑海，经过一番感悟，{1}道心愈发坚定，于修炼大道上，大有收获！修为增加了：{2}，同时领悟了一套新的修炼秘诀：《{3}》
226	2	55000000		茶香渺渺，{0}道心清明，静心感悟天道。过往的修炼经历浮现脑海，经过一番感悟，{1}道心愈发坚定，于修炼大道上，略有收获！修为增加了：{2}
227	2	55200000		茶香渺渺，{0}道心清明，静心感悟天道。过往的修炼经历浮现脑海，经过一番感悟，{1}道心愈发坚定，于修炼大道上，略有收获！修为增加了：{2}
228	2	55400000		茶香渺渺，{0}道心清明，静心感悟天道。过往的修炼经历浮现脑海，经过一番感悟，{1}道心愈发坚定，于修炼大道上，略有收获！修为增加了：{2}
229	2	55600000		茶香渺渺，{0}道心清明，静心感悟天道。过往的修炼经历浮现脑海，经过一番感悟，{1}道心愈发坚定，于修炼大道上，略有收获！修为增加了：{2}
230	2	55800000		茶香渺渺，{0}道心清明，静心感悟天道。过往的修炼经历浮现脑海，经过一番感悟，{1}道心愈发坚定，于修炼大道上，略有收获！修为增加了：{2}
231	2	56000000		茶香渺渺，{0}道心清明，静心感悟天道。过往的修炼经历浮现脑海，经过一番感悟，{1}道心愈发坚定，于修炼大道上，略有收获！修为增加了：{2}
232	2	56200000		茶香渺渺，{0}道心清明，静心感悟天道。过往的修炼经历浮现脑海，经过一番感悟，{1}道心愈发坚定，于修炼大道上，略有收获！修为增加了：{2}
233	2	56400000		茶香渺渺，{0}道心清明，静心感悟天道。过往的修炼经历浮现脑海，经过一番感悟，{1}道心愈发坚定，于修炼大道上，略有收获！修为增加了：{2}
234	2	56600000		茶香渺渺，{0}道心清明，静心感悟天道。过往的修炼经历浮现脑海，经过一番感悟，{1}道心愈发坚定，于修炼大道上，略有收获！修为增加了：{2}
235	2	56800000		茶香渺渺，{0}道心清明，静心感悟天道。过往的修炼经历浮现脑海，经过一番感悟，{1}道心愈发坚定，于修炼大道上，略有收获！修为增加了：{2}
236	2	57000000		茶香渺渺，{0}道心清明，静心感悟天道。过往的修炼经历浮现脑海，经过一番感悟，{1}道心愈发坚定，于修炼大道上，略有收获！修为增加了：{2}
237	2	57200000		茶香渺渺，{0}道心清明，静心感悟天道。过往的修炼经历浮现脑海，经过一番感悟，{1}道心愈发坚定，于修炼大道上，略有收获！修为增加了：{2}
238	2	57400000		茶香渺渺，{0}道心清明，静心感悟天道。过往的修炼经历浮现脑海，经过一番感悟，{1}道心愈发坚定，于修炼大道上，略有收获！修为增加了：{2}
239	2	57600000		茶香渺渺，{0}道心清明，静心感悟天道。过往的修炼经历浮现脑海，经过一番感悟，{1}道心愈发坚定，于修炼大道上，略有收获！修为增加了：{2}
240	2	57800000	2976	茶香渺渺，{0}道心清明，静心感悟天道。过往的修炼经历浮现脑海，经过一番感悟，{1}道心愈发坚定，于修炼大道上，大有收获！修为增加了：{2}，同时领悟了一套新的修炼秘诀：《{3}》
241	2	58000000		茶香渺渺，{0}道心清明，静心感悟天道。过往的修炼经历浮现脑海，经过一番感悟，{1}道心愈发坚定，于修炼大道上，略有收获！修为增加了：{2}
242	2	58200000		茶香渺渺，{0}道心清明，静心感悟天道。过往的修炼经历浮现脑海，经过一番感悟，{1}道心愈发坚定，于修炼大道上，略有收获！修为增加了：{2}
243	2	58400000		茶香渺渺，{0}道心清明，静心感悟天道。过往的修炼经历浮现脑海，经过一番感悟，{1}道心愈发坚定，于修炼大道上，略有收获！修为增加了：{2}
244	2	58600000		茶香渺渺，{0}道心清明，静心感悟天道。过往的修炼经历浮现脑海，经过一番感悟，{1}道心愈发坚定，于修炼大道上，略有收获！修为增加了：{2}
245	2	58800000		茶香渺渺，{0}道心清明，静心感悟天道。过往的修炼经历浮现脑海，经过一番感悟，{1}道心愈发坚定，于修炼大道上，略有收获！修为增加了：{2}
246	2	59000000		茶香渺渺，{0}道心清明，静心感悟天道。过往的修炼经历浮现脑海，经过一番感悟，{1}道心愈发坚定，于修炼大道上，略有收获！修为增加了：{2}
247	2	59200000		茶香渺渺，{0}道心清明，静心感悟天道。过往的修炼经历浮现脑海，经过一番感悟，{1}道心愈发坚定，于修炼大道上，略有收获！修为增加了：{2}
248	2	59400000		茶香渺渺，{0}道心清明，静心感悟天道。过往的修炼经历浮现脑海，经过一番感悟，{1}道心愈发坚定，于修炼大道上，略有收获！修为增加了：{2}
249	2	59600000		茶香渺渺，{0}道心清明，静心感悟天道。过往的修炼经历浮现脑海，经过一番感悟，{1}道心愈发坚定，于修炼大道上，略有收获！修为增加了：{2}
250	2	59800000		茶香渺渺，{0}道心清明，静心感悟天道。过往的修炼经历浮现脑海，经过一番感悟，{1}道心愈发坚定，于修炼大道上，略有收获！修为增加了：{2}
251	2	60000000		茶香渺渺，{0}道心清明，静心感悟天道。过往的修炼经历浮现脑海，经过一番感悟，{1}道心愈发坚定，于修炼大道上，略有收获！修为增加了：{2}
252	2	60200000		茶香渺渺，{0}道心清明，静心感悟天道。过往的修炼经历浮现脑海，经过一番感悟，{1}道心愈发坚定，于修炼大道上，略有收获！修为增加了：{2}
253	2	60400000		茶香渺渺，{0}道心清明，静心感悟天道。过往的修炼经历浮现脑海，经过一番感悟，{1}道心愈发坚定，于修炼大道上，略有收获！修为增加了：{2}
254	2	60600000		茶香渺渺，{0}道心清明，静心感悟天道。过往的修炼经历浮现脑海，经过一番感悟，{1}道心愈发坚定，于修炼大道上，略有收获！修为增加了：{2}
255	2	60800000	2977	茶香渺渺，{0}道心清明，静心感悟天道。过往的修炼经历浮现脑海，经过一番感悟，{1}道心愈发坚定，于修炼大道上，大有收获！修为增加了：{2}，同时领悟了一套新的修炼秘诀：《{3}》
256	2	61000000		茶香渺渺，{0}道心清明，静心感悟天道。过往的修炼经历浮现脑海，经过一番感悟，{1}道心愈发坚定，于修炼大道上，略有收获！修为增加了：{2}
257	2	61200000		茶香渺渺，{0}道心清明，静心感悟天道。过往的修炼经历浮现脑海，经过一番感悟，{1}道心愈发坚定，于修炼大道上，略有收获！修为增加了：{2}
258	2	61400000		茶香渺渺，{0}道心清明，静心感悟天道。过往的修炼经历浮现脑海，经过一番感悟，{1}道心愈发坚定，于修炼大道上，略有收获！修为增加了：{2}
259	2	61600000		茶香渺渺，{0}道心清明，静心感悟天道。过往的修炼经历浮现脑海，经过一番感悟，{1}道心愈发坚定，于修炼大道上，略有收获！修为增加了：{2}
260	2	61800000		茶香渺渺，{0}道心清明，静心感悟天道。过往的修炼经历浮现脑海，经过一番感悟，{1}道心愈发坚定，于修炼大道上，略有收获！修为增加了：{2}
261	2	62000000		茶香渺渺，{0}道心清明，静心感悟天道。过往的修炼经历浮现脑海，经过一番感悟，{1}道心愈发坚定，于修炼大道上，略有收获！修为增加了：{2}
262	2	62200000		茶香渺渺，{0}道心清明，静心感悟天道。过往的修炼经历浮现脑海，经过一番感悟，{1}道心愈发坚定，于修炼大道上，略有收获！修为增加了：{2}
263	2	62400000		茶香渺渺，{0}道心清明，静心感悟天道。过往的修炼经历浮现脑海，经过一番感悟，{1}道心愈发坚定，于修炼大道上，略有收获！修为增加了：{2}
264	2	62600000		茶香渺渺，{0}道心清明，静心感悟天道。过往的修炼经历浮现脑海，经过一番感悟，{1}道心愈发坚定，于修炼大道上，略有收获！修为增加了：{2}
265	2	62800000		茶香渺渺，{0}道心清明，静心感悟天道。过往的修炼经历浮现脑海，经过一番感悟，{1}道心愈发坚定，于修炼大道上，略有收获！修为增加了：{2}
266	2	63000000		茶香渺渺，{0}道心清明，静心感悟天道。过往的修炼经历浮现脑海，经过一番感悟，{1}道心愈发坚定，于修炼大道上，略有收获！修为增加了：{2}
267	2	63200000		茶香渺渺，{0}道心清明，静心感悟天道。过往的修炼经历浮现脑海，经过一番感悟，{1}道心愈发坚定，于修炼大道上，略有收获！修为增加了：{2}
268	2	63400000		茶香渺渺，{0}道心清明，静心感悟天道。过往的修炼经历浮现脑海，经过一番感悟，{1}道心愈发坚定，于修炼大道上，略有收获！修为增加了：{2}
269	2	63600000		茶香渺渺，{0}道心清明，静心感悟天道。过往的修炼经历浮现脑海，经过一番感悟，{1}道心愈发坚定，于修炼大道上，略有收获！修为增加了：{2}
270	2	63800000	2978	茶香渺渺，{0}道心清明，静心感悟天道。过往的修炼经历浮现脑海，经过一番感悟，{1}道心愈发坚定，于修炼大道上，大有收获！修为增加了：{2}，同时领悟了一套新的修炼秘诀：《{3}》
271	2	64000000		茶香渺渺，{0}道心清明，静心感悟天道。过往的修炼经历浮现脑海，经过一番感悟，{1}道心愈发坚定，于修炼大道上，略有收获！修为增加了：{2}
272	2	64200000		茶香渺渺，{0}道心清明，静心感悟天道。过往的修炼经历浮现脑海，经过一番感悟，{1}道心愈发坚定，于修炼大道上，略有收获！修为增加了：{2}
273	2	64400000		茶香渺渺，{0}道心清明，静心感悟天道。过往的修炼经历浮现脑海，经过一番感悟，{1}道心愈发坚定，于修炼大道上，略有收获！修为增加了：{2}
274	2	64600000		茶香渺渺，{0}道心清明，静心感悟天道。过往的修炼经历浮现脑海，经过一番感悟，{1}道心愈发坚定，于修炼大道上，略有收获！修为增加了：{2}
275	2	64800000		茶香渺渺，{0}道心清明，静心感悟天道。过往的修炼经历浮现脑海，经过一番感悟，{1}道心愈发坚定，于修炼大道上，略有收获！修为增加了：{2}
276	2	65000000		茶香渺渺，{0}道心清明，静心感悟天道。过往的修炼经历浮现脑海，经过一番感悟，{1}道心愈发坚定，于修炼大道上，略有收获！修为增加了：{2}
277	2	65200000		茶香渺渺，{0}道心清明，静心感悟天道。过往的修炼经历浮现脑海，经过一番感悟，{1}道心愈发坚定，于修炼大道上，略有收获！修为增加了：{2}
278	2	65400000		茶香渺渺，{0}道心清明，静心感悟天道。过往的修炼经历浮现脑海，经过一番感悟，{1}道心愈发坚定，于修炼大道上，略有收获！修为增加了：{2}
279	2	65600000		茶香渺渺，{0}道心清明，静心感悟天道。过往的修炼经历浮现脑海，经过一番感悟，{1}道心愈发坚定，于修炼大道上，略有收获！修为增加了：{2}
280	2	65800000		茶香渺渺，{0}道心清明，静心感悟天道。过往的修炼经历浮现脑海，经过一番感悟，{1}道心愈发坚定，于修炼大道上，略有收获！修为增加了：{2}
281	2	66000000		茶香渺渺，{0}道心清明，静心感悟天道。过往的修炼经历浮现脑海，经过一番感悟，{1}道心愈发坚定，于修炼大道上，略有收获！修为增加了：{2}
282	2	66200000		茶香渺渺，{0}道心清明，静心感悟天道。过往的修炼经历浮现脑海，经过一番感悟，{1}道心愈发坚定，于修炼大道上，略有收获！修为增加了：{2}
283	2	66400000		茶香渺渺，{0}道心清明，静心感悟天道。过往的修炼经历浮现脑海，经过一番感悟，{1}道心愈发坚定，于修炼大道上，略有收获！修为增加了：{2}
284	2	66600000		茶香渺渺，{0}道心清明，静心感悟天道。过往的修炼经历浮现脑海，经过一番感悟，{1}道心愈发坚定，于修炼大道上，略有收获！修为增加了：{2}
285	2	66800000	2979	茶香渺渺，{0}道心清明，静心感悟天道。过往的修炼经历浮现脑海，经过一番感悟，{1}道心愈发坚定，于修炼大道上，大有收获！修为增加了：{2}，同时领悟了一套新的修炼秘诀：《{3}》
286	2	67000000		茶香渺渺，{0}道心清明，静心感悟天道。过往的修炼经历浮现脑海，经过一番感悟，{1}道心愈发坚定，于修炼大道上，略有收获！修为增加了：{2}
287	2	67200000		茶香渺渺，{0}道心清明，静心感悟天道。过往的修炼经历浮现脑海，经过一番感悟，{1}道心愈发坚定，于修炼大道上，略有收获！修为增加了：{2}
288	2	67400000		茶香渺渺，{0}道心清明，静心感悟天道。过往的修炼经历浮现脑海，经过一番感悟，{1}道心愈发坚定，于修炼大道上，略有收获！修为增加了：{2}
289	2	67600000		茶香渺渺，{0}道心清明，静心感悟天道。过往的修炼经历浮现脑海，经过一番感悟，{1}道心愈发坚定，于修炼大道上，略有收获！修为增加了：{2}
290	2	67800000		茶香渺渺，{0}道心清明，静心感悟天道。过往的修炼经历浮现脑海，经过一番感悟，{1}道心愈发坚定，于修炼大道上，略有收获！修为增加了：{2}
291	2	68000000		茶香渺渺，{0}道心清明，静心感悟天道。过往的修炼经历浮现脑海，经过一番感悟，{1}道心愈发坚定，于修炼大道上，略有收获！修为增加了：{2}
292	2	68200000		茶香渺渺，{0}道心清明，静心感悟天道。过往的修炼经历浮现脑海，经过一番感悟，{1}道心愈发坚定，于修炼大道上，略有收获！修为增加了：{2}
293	2	68400000		茶香渺渺，{0}道心清明，静心感悟天道。过往的修炼经历浮现脑海，经过一番感悟，{1}道心愈发坚定，于修炼大道上，略有收获！修为增加了：{2}
294	2	68600000		茶香渺渺，{0}道心清明，静心感悟天道。过往的修炼经历浮现脑海，经过一番感悟，{1}道心愈发坚定，于修炼大道上，略有收获！修为增加了：{2}
295	2	68800000		茶香渺渺，{0}道心清明，静心感悟天道。过往的修炼经历浮现脑海，经过一番感悟，{1}道心愈发坚定，于修炼大道上，略有收获！修为增加了：{2}
296	2	69000000		茶香渺渺，{0}道心清明，静心感悟天道。过往的修炼经历浮现脑海，经过一番感悟，{1}道心愈发坚定，于修炼大道上，略有收获！修为增加了：{2}
297	2	69200000		茶香渺渺，{0}道心清明，静心感悟天道。过往的修炼经历浮现脑海，经过一番感悟，{1}道心愈发坚定，于修炼大道上，略有收获！修为增加了：{2}
298	2	69400000		茶香渺渺，{0}道心清明，静心感悟天道。过往的修炼经历浮现脑海，经过一番感悟，{1}道心愈发坚定，于修炼大道上，略有收获！修为增加了：{2}
299	2	69600000		茶香渺渺，{0}道心清明，静心感悟天道。过往的修炼经历浮现脑海，经过一番感悟，{1}道心愈发坚定，于修炼大道上，略有收获！修为增加了：{2}
300	2	69800000	2980	茶香渺渺，{0}道心清明，静心感悟天道。过往的修炼经历浮现脑海，经过一番感悟，{1}道心愈发坚定，于修炼大道上，大有收获！修为增加了：{2}，同时领悟了一套新的修炼秘诀：《{3}》
301	2	70000000		茶香渺渺，{0}道心清明，静心感悟天道。过往的修炼经历浮现脑海，经过一番感悟，{1}道心愈发坚定，于修炼大道上，略有收获！修为增加了：{2}
302	2	70200000		茶香渺渺，{0}道心清明，静心感悟天道。过往的修炼经历浮现脑海，经过一番感悟，{1}道心愈发坚定，于修炼大道上，略有收获！修为增加了：{2}
303	2	70400000		茶香渺渺，{0}道心清明，静心感悟天道。过往的修炼经历浮现脑海，经过一番感悟，{1}道心愈发坚定，于修炼大道上，略有收获！修为增加了：{2}
304	2	70600000		茶香渺渺，{0}道心清明，静心感悟天道。过往的修炼经历浮现脑海，经过一番感悟，{1}道心愈发坚定，于修炼大道上，略有收获！修为增加了：{2}
305	2	70800000		茶香渺渺，{0}道心清明，静心感悟天道。过往的修炼经历浮现脑海，经过一番感悟，{1}道心愈发坚定，于修炼大道上，略有收获！修为增加了：{2}
306	2	71000000		茶香渺渺，{0}道心清明，静心感悟天道。过往的修炼经历浮现脑海，经过一番感悟，{1}道心愈发坚定，于修炼大道上，略有收获！修为增加了：{2}
307	2	71200000		茶香渺渺，{0}道心清明，静心感悟天道。过往的修炼经历浮现脑海，经过一番感悟，{1}道心愈发坚定，于修炼大道上，略有收获！修为增加了：{2}
308	2	71400000		茶香渺渺，{0}道心清明，静心感悟天道。过往的修炼经历浮现脑海，经过一番感悟，{1}道心愈发坚定，于修炼大道上，略有收获！修为增加了：{2}
309	2	71600000		茶香渺渺，{0}道心清明，静心感悟天道。过往的修炼经历浮现脑海，经过一番感悟，{1}道心愈发坚定，于修炼大道上，略有收获！修为增加了：{2}
310	2	71800000		茶香渺渺，{0}道心清明，静心感悟天道。过往的修炼经历浮现脑海，经过一番感悟，{1}道心愈发坚定，于修炼大道上，略有收获！修为增加了：{2}
311	2	72000000		茶香渺渺，{0}道心清明，静心感悟天道。过往的修炼经历浮现脑海，经过一番感悟，{1}道心愈发坚定，于修炼大道上，略有收获！修为增加了：{2}
312	2	72200000		茶香渺渺，{0}道心清明，静心感悟天道。过往的修炼经历浮现脑海，经过一番感悟，{1}道心愈发坚定，于修炼大道上，略有收获！修为增加了：{2}
313	2	72400000		茶香渺渺，{0}道心清明，静心感悟天道。过往的修炼经历浮现脑海，经过一番感悟，{1}道心愈发坚定，于修炼大道上，略有收获！修为增加了：{2}
314	2	72600000		茶香渺渺，{0}道心清明，静心感悟天道。过往的修炼经历浮现脑海，经过一番感悟，{1}道心愈发坚定，于修炼大道上，略有收获！修为增加了：{2}
315	2	72800000	2981	茶香渺渺，{0}道心清明，静心感悟天道。过往的修炼经历浮现脑海，经过一番感悟，{1}道心愈发坚定，于修炼大道上，大有收获！修为增加了：{2}，同时领悟了一套新的修炼秘诀：《{3}》
316	2	73000000		茶香渺渺，{0}道心清明，静心感悟天道。过往的修炼经历浮现脑海，经过一番感悟，{1}道心愈发坚定，于修炼大道上，略有收获！修为增加了：{2}
317	2	73200000		茶香渺渺，{0}道心清明，静心感悟天道。过往的修炼经历浮现脑海，经过一番感悟，{1}道心愈发坚定，于修炼大道上，略有收获！修为增加了：{2}
318	2	73400000		茶香渺渺，{0}道心清明，静心感悟天道。过往的修炼经历浮现脑海，经过一番感悟，{1}道心愈发坚定，于修炼大道上，略有收获！修为增加了：{2}
319	2	73600000		茶香渺渺，{0}道心清明，静心感悟天道。过往的修炼经历浮现脑海，经过一番感悟，{1}道心愈发坚定，于修炼大道上，略有收获！修为增加了：{2}
320	2	73800000		茶香渺渺，{0}道心清明，静心感悟天道。过往的修炼经历浮现脑海，经过一番感悟，{1}道心愈发坚定，于修炼大道上，略有收获！修为增加了：{2}
321	2	74000000		茶香渺渺，{0}道心清明，静心感悟天道。过往的修炼经历浮现脑海，经过一番感悟，{1}道心愈发坚定，于修炼大道上，略有收获！修为增加了：{2}
322	2	74200000		茶香渺渺，{0}道心清明，静心感悟天道。过往的修炼经历浮现脑海，经过一番感悟，{1}道心愈发坚定，于修炼大道上，略有收获！修为增加了：{2}
323	2	74400000		茶香渺渺，{0}道心清明，静心感悟天道。过往的修炼经历浮现脑海，经过一番感悟，{1}道心愈发坚定，于修炼大道上，略有收获！修为增加了：{2}
324	2	74600000		茶香渺渺，{0}道心清明，静心感悟天道。过往的修炼经历浮现脑海，经过一番感悟，{1}道心愈发坚定，于修炼大道上，略有收获！修为增加了：{2}
325	2	74800000		茶香渺渺，{0}道心清明，静心感悟天道。过往的修炼经历浮现脑海，经过一番感悟，{1}道心愈发坚定，于修炼大道上，略有收获！修为增加了：{2}
326	2	75000000		茶香渺渺，{0}道心清明，静心感悟天道。过往的修炼经历浮现脑海，经过一番感悟，{1}道心愈发坚定，于修炼大道上，略有收获！修为增加了：{2}
327	2	75200000		茶香渺渺，{0}道心清明，静心感悟天道。过往的修炼经历浮现脑海，经过一番感悟，{1}道心愈发坚定，于修炼大道上，略有收获！修为增加了：{2}
328	2	75400000		茶香渺渺，{0}道心清明，静心感悟天道。过往的修炼经历浮现脑海，经过一番感悟，{1}道心愈发坚定，于修炼大道上，略有收获！修为增加了：{2}
329	2	75600000		茶香渺渺，{0}道心清明，静心感悟天道。过往的修炼经历浮现脑海，经过一番感悟，{1}道心愈发坚定，于修炼大道上，略有收获！修为增加了：{2}
330	2	75800000	2982	茶香渺渺，{0}道心清明，静心感悟天道。过往的修炼经历浮现脑海，经过一番感悟，{1}道心愈发坚定，于修炼大道上，大有收获！修为增加了：{2}，同时领悟了一套新的修炼秘诀：《{3}》
331	2	76000000		茶香渺渺，{0}道心清明，静心感悟天道。过往的修炼经历浮现脑海，经过一番感悟，{1}道心愈发坚定，于修炼大道上，略有收获！修为增加了：{2}
332	2	76200000		茶香渺渺，{0}道心清明，静心感悟天道。过往的修炼经历浮现脑海，经过一番感悟，{1}道心愈发坚定，于修炼大道上，略有收获！修为增加了：{2}
333	2	76400000		茶香渺渺，{0}道心清明，静心感悟天道。过往的修炼经历浮现脑海，经过一番感悟，{1}道心愈发坚定，于修炼大道上，略有收获！修为增加了：{2}
334	2	76600000		茶香渺渺，{0}道心清明，静心感悟天道。过往的修炼经历浮现脑海，经过一番感悟，{1}道心愈发坚定，于修炼大道上，略有收获！修为增加了：{2}
335	2	76800000		茶香渺渺，{0}道心清明，静心感悟天道。过往的修炼经历浮现脑海，经过一番感悟，{1}道心愈发坚定，于修炼大道上，略有收获！修为增加了：{2}
336	2	77000000		茶香渺渺，{0}道心清明，静心感悟天道。过往的修炼经历浮现脑海，经过一番感悟，{1}道心愈发坚定，于修炼大道上，略有收获！修为增加了：{2}
337	2	77200000		茶香渺渺，{0}道心清明，静心感悟天道。过往的修炼经历浮现脑海，经过一番感悟，{1}道心愈发坚定，于修炼大道上，略有收获！修为增加了：{2}
338	2	77400000		茶香渺渺，{0}道心清明，静心感悟天道。过往的修炼经历浮现脑海，经过一番感悟，{1}道心愈发坚定，于修炼大道上，略有收获！修为增加了：{2}
339	2	77600000		茶香渺渺，{0}道心清明，静心感悟天道。过往的修炼经历浮现脑海，经过一番感悟，{1}道心愈发坚定，于修炼大道上，略有收获！修为增加了：{2}
340	2	77800000		茶香渺渺，{0}道心清明，静心感悟天道。过往的修炼经历浮现脑海，经过一番感悟，{1}道心愈发坚定，于修炼大道上，略有收获！修为增加了：{2}
341	2	78000000		茶香渺渺，{0}道心清明，静心感悟天道。过往的修炼经历浮现脑海，经过一番感悟，{1}道心愈发坚定，于修炼大道上，略有收获！修为增加了：{2}
342	2	78200000		茶香渺渺，{0}道心清明，静心感悟天道。过往的修炼经历浮现脑海，经过一番感悟，{1}道心愈发坚定，于修炼大道上，略有收获！修为增加了：{2}
343	2	78400000		茶香渺渺，{0}道心清明，静心感悟天道。过往的修炼经历浮现脑海，经过一番感悟，{1}道心愈发坚定，于修炼大道上，略有收获！修为增加了：{2}
344	2	78600000		茶香渺渺，{0}道心清明，静心感悟天道。过往的修炼经历浮现脑海，经过一番感悟，{1}道心愈发坚定，于修炼大道上，略有收获！修为增加了：{2}
345	2	78800000	2983	茶香渺渺，{0}道心清明，静心感悟天道。过往的修炼经历浮现脑海，经过一番感悟，{1}道心愈发坚定，于修炼大道上，大有收获！修为增加了：{2}，同时领悟了一套新的修炼秘诀：《{3}》
346	2	79000000		茶香渺渺，{0}道心清明，静心感悟天道。过往的修炼经历浮现脑海，经过一番感悟，{1}道心愈发坚定，于修炼大道上，略有收获！修为增加了：{2}
347	2	79200000		茶香渺渺，{0}道心清明，静心感悟天道。过往的修炼经历浮现脑海，经过一番感悟，{1}道心愈发坚定，于修炼大道上，略有收获！修为增加了：{2}
348	2	79400000		茶香渺渺，{0}道心清明，静心感悟天道。过往的修炼经历浮现脑海，经过一番感悟，{1}道心愈发坚定，于修炼大道上，略有收获！修为增加了：{2}
349	2	79600000		茶香渺渺，{0}道心清明，静心感悟天道。过往的修炼经历浮现脑海，经过一番感悟，{1}道心愈发坚定，于修炼大道上，略有收获！修为增加了：{2}
350	2	79800000		茶香渺渺，{0}道心清明，静心感悟天道。过往的修炼经历浮现脑海，经过一番感悟，{1}道心愈发坚定，于修炼大道上，略有收获！修为增加了：{2}
351	2	80000000		茶香渺渺，{0}道心清明，静心感悟天道。过往的修炼经历浮现脑海，经过一番感悟，{1}道心愈发坚定，于修炼大道上，略有收获！修为增加了：{2}
352	2	80200000		茶香渺渺，{0}道心清明，静心感悟天道。过往的修炼经历浮现脑海，经过一番感悟，{1}道心愈发坚定，于修炼大道上，略有收获！修为增加了：{2}
353	2	80400000		茶香渺渺，{0}道心清明，静心感悟天道。过往的修炼经历浮现脑海，经过一番感悟，{1}道心愈发坚定，于修炼大道上，略有收获！修为增加了：{2}
354	2	80600000		茶香渺渺，{0}道心清明，静心感悟天道。过往的修炼经历浮现脑海，经过一番感悟，{1}道心愈发坚定，于修炼大道上，略有收获！修为增加了：{2}
355	2	80800000		茶香渺渺，{0}道心清明，静心感悟天道。过往的修炼经历浮现脑海，经过一番感悟，{1}道心愈发坚定，于修炼大道上，略有收获！修为增加了：{2}
356	2	81000000		茶香渺渺，{0}道心清明，静心感悟天道。过往的修炼经历浮现脑海，经过一番感悟，{1}道心愈发坚定，于修炼大道上，略有收获！修为增加了：{2}
357	2	81200000		茶香渺渺，{0}道心清明，静心感悟天道。过往的修炼经历浮现脑海，经过一番感悟，{1}道心愈发坚定，于修炼大道上，略有收获！修为增加了：{2}
358	2	81400000		茶香渺渺，{0}道心清明，静心感悟天道。过往的修炼经历浮现脑海，经过一番感悟，{1}道心愈发坚定，于修炼大道上，略有收获！修为增加了：{2}
359	2	81600000		茶香渺渺，{0}道心清明，静心感悟天道。过往的修炼经历浮现脑海，经过一番感悟，{1}道心愈发坚定，于修炼大道上，略有收获！修为增加了：{2}
360	2	81800000	2984	茶香渺渺，{0}道心清明，静心感悟天道。过往的修炼经历浮现脑海，经过一番感悟，{1}道心愈发坚定，于修炼大道上，大有收获！修为增加了：{2}，同时领悟了一套新的修炼秘诀：《{3}》
361	3	82000000		茶香渺渺，{0}道心清明，静心感悟天道。过往的修炼经历浮现脑海，经过一番感悟，{1}道心愈发坚定，于修炼大道上，略有收获！修为增加了：{2}
362	3	82200000		茶香渺渺，{0}道心清明，静心感悟天道。过往的修炼经历浮现脑海，经过一番感悟，{1}道心愈发坚定，于修炼大道上，略有收获！修为增加了：{2}
363	3	82400000		茶香渺渺，{0}道心清明，静心感悟天道。过往的修炼经历浮现脑海，经过一番感悟，{1}道心愈发坚定，于修炼大道上，略有收获！修为增加了：{2}
364	3	82600000		茶香渺渺，{0}道心清明，静心感悟天道。过往的修炼经历浮现脑海，经过一番感悟，{1}道心愈发坚定，于修炼大道上，略有收获！修为增加了：{2}
365	3	82800000		茶香渺渺，{0}道心清明，静心感悟天道。过往的修炼经历浮现脑海，经过一番感悟，{1}道心愈发坚定，于修炼大道上，略有收获！修为增加了：{2}
366	3	83000000		茶香渺渺，{0}道心清明，静心感悟天道。过往的修炼经历浮现脑海，经过一番感悟，{1}道心愈发坚定，于修炼大道上，略有收获！修为增加了：{2}
367	3	83200000		茶香渺渺，{0}道心清明，静心感悟天道。过往的修炼经历浮现脑海，经过一番感悟，{1}道心愈发坚定，于修炼大道上，略有收获！修为增加了：{2}
368	3	83400000		茶香渺渺，{0}道心清明，静心感悟天道。过往的修炼经历浮现脑海，经过一番感悟，{1}道心愈发坚定，于修炼大道上，略有收获！修为增加了：{2}
369	3	83600000		茶香渺渺，{0}道心清明，静心感悟天道。过往的修炼经历浮现脑海，经过一番感悟，{1}道心愈发坚定，于修炼大道上，略有收获！修为增加了：{2}
370	3	83800000		茶香渺渺，{0}道心清明，静心感悟天道。过往的修炼经历浮现脑海，经过一番感悟，{1}道心愈发坚定，于修炼大道上，略有收获！修为增加了：{2}
371	3	84000000		茶香渺渺，{0}道心清明，静心感悟天道。过往的修炼经历浮现脑海，经过一番感悟，{1}道心愈发坚定，于修炼大道上，略有收获！修为增加了：{2}
372	3	84200000		茶香渺渺，{0}道心清明，静心感悟天道。过往的修炼经历浮现脑海，经过一番感悟，{1}道心愈发坚定，于修炼大道上，略有收获！修为增加了：{2}
373	3	84400000		茶香渺渺，{0}道心清明，静心感悟天道。过往的修炼经历浮现脑海，经过一番感悟，{1}道心愈发坚定，于修炼大道上，略有收获！修为增加了：{2}
374	3	84600000		茶香渺渺，{0}道心清明，静心感悟天道。过往的修炼经历浮现脑海，经过一番感悟，{1}道心愈发坚定，于修炼大道上，略有收获！修为增加了：{2}
375	3	84800000		茶香渺渺，{0}道心清明，静心感悟天道。过往的修炼经历浮现脑海，经过一番感悟，{1}道心愈发坚定，于修炼大道上，略有收获！修为增加了：{2}
376	3	85000000		茶香渺渺，{0}道心清明，静心感悟天道。过往的修炼经历浮现脑海，经过一番感悟，{1}道心愈发坚定，于修炼大道上，略有收获！修为增加了：{2}
377	3	85200000		茶香渺渺，{0}道心清明，静心感悟天道。过往的修炼经历浮现脑海，经过一番感悟，{1}道心愈发坚定，于修炼大道上，略有收获！修为增加了：{2}
378	3	85400000		茶香渺渺，{0}道心清明，静心感悟天道。过往的修炼经历浮现脑海，经过一番感悟，{1}道心愈发坚定，于修炼大道上，略有收获！修为增加了：{2}
379	3	85600000		茶香渺渺，{0}道心清明，静心感悟天道。过往的修炼经历浮现脑海，经过一番感悟，{1}道心愈发坚定，于修炼大道上，略有收获！修为增加了：{2}
380	3	85800000	2985	茶香渺渺，{0}道心清明，静心感悟天道。过往的修炼经历浮现脑海，经过一番感悟，{1}道心愈发坚定，于修炼大道上，大有收获！修为增加了：{2}，同时领悟了一套新的修炼秘诀：《{3}》
381	3	86000000		茶香渺渺，{0}道心清明，静心感悟天道。过往的修炼经历浮现脑海，经过一番感悟，{1}道心愈发坚定，于修炼大道上，略有收获！修为增加了：{2}
382	3	86200000		茶香渺渺，{0}道心清明，静心感悟天道。过往的修炼经历浮现脑海，经过一番感悟，{1}道心愈发坚定，于修炼大道上，略有收获！修为增加了：{2}
383	3	86400000		茶香渺渺，{0}道心清明，静心感悟天道。过往的修炼经历浮现脑海，经过一番感悟，{1}道心愈发坚定，于修炼大道上，略有收获！修为增加了：{2}
384	3	86600000		茶香渺渺，{0}道心清明，静心感悟天道。过往的修炼经历浮现脑海，经过一番感悟，{1}道心愈发坚定，于修炼大道上，略有收获！修为增加了：{2}
385	3	86800000		茶香渺渺，{0}道心清明，静心感悟天道。过往的修炼经历浮现脑海，经过一番感悟，{1}道心愈发坚定，于修炼大道上，略有收获！修为增加了：{2}
386	3	87000000		茶香渺渺，{0}道心清明，静心感悟天道。过往的修炼经历浮现脑海，经过一番感悟，{1}道心愈发坚定，于修炼大道上，略有收获！修为增加了：{2}
387	3	87200000		茶香渺渺，{0}道心清明，静心感悟天道。过往的修炼经历浮现脑海，经过一番感悟，{1}道心愈发坚定，于修炼大道上，略有收获！修为增加了：{2}
388	3	87400000		茶香渺渺，{0}道心清明，静心感悟天道。过往的修炼经历浮现脑海，经过一番感悟，{1}道心愈发坚定，于修炼大道上，略有收获！修为增加了：{2}
389	3	87600000		茶香渺渺，{0}道心清明，静心感悟天道。过往的修炼经历浮现脑海，经过一番感悟，{1}道心愈发坚定，于修炼大道上，略有收获！修为增加了：{2}
390	3	87800000		茶香渺渺，{0}道心清明，静心感悟天道。过往的修炼经历浮现脑海，经过一番感悟，{1}道心愈发坚定，于修炼大道上，略有收获！修为增加了：{2}
391	3	88000000		茶香渺渺，{0}道心清明，静心感悟天道。过往的修炼经历浮现脑海，经过一番感悟，{1}道心愈发坚定，于修炼大道上，略有收获！修为增加了：{2}
392	3	88200000		茶香渺渺，{0}道心清明，静心感悟天道。过往的修炼经历浮现脑海，经过一番感悟，{1}道心愈发坚定，于修炼大道上，略有收获！修为增加了：{2}
393	3	88400000		茶香渺渺，{0}道心清明，静心感悟天道。过往的修炼经历浮现脑海，经过一番感悟，{1}道心愈发坚定，于修炼大道上，略有收获！修为增加了：{2}
394	3	88600000		茶香渺渺，{0}道心清明，静心感悟天道。过往的修炼经历浮现脑海，经过一番感悟，{1}道心愈发坚定，于修炼大道上，略有收获！修为增加了：{2}
395	3	88800000		茶香渺渺，{0}道心清明，静心感悟天道。过往的修炼经历浮现脑海，经过一番感悟，{1}道心愈发坚定，于修炼大道上，略有收获！修为增加了：{2}
396	3	89000000		茶香渺渺，{0}道心清明，静心感悟天道。过往的修炼经历浮现脑海，经过一番感悟，{1}道心愈发坚定，于修炼大道上，略有收获！修为增加了：{2}
397	3	89200000		茶香渺渺，{0}道心清明，静心感悟天道。过往的修炼经历浮现脑海，经过一番感悟，{1}道心愈发坚定，于修炼大道上，略有收获！修为增加了：{2}
398	3	89400000		茶香渺渺，{0}道心清明，静心感悟天道。过往的修炼经历浮现脑海，经过一番感悟，{1}道心愈发坚定，于修炼大道上，略有收获！修为增加了：{2}
399	3	89600000		茶香渺渺，{0}道心清明，静心感悟天道。过往的修炼经历浮现脑海，经过一番感悟，{1}道心愈发坚定，于修炼大道上，略有收获！修为增加了：{2}
400	3	89800000	2986	茶香渺渺，{0}道心清明，静心感悟天道。过往的修炼经历浮现脑海，经过一番感悟，{1}道心愈发坚定，于修炼大道上，大有收获！修为增加了：{2}，同时领悟了一套新的修炼秘诀：《{3}》
401	3	90000000		茶香渺渺，{0}道心清明，静心感悟天道。过往的修炼经历浮现脑海，经过一番感悟，{1}道心愈发坚定，于修炼大道上，略有收获！修为增加了：{2}
402	3	90200000		茶香渺渺，{0}道心清明，静心感悟天道。过往的修炼经历浮现脑海，经过一番感悟，{1}道心愈发坚定，于修炼大道上，略有收获！修为增加了：{2}
403	3	90400000		茶香渺渺，{0}道心清明，静心感悟天道。过往的修炼经历浮现脑海，经过一番感悟，{1}道心愈发坚定，于修炼大道上，略有收获！修为增加了：{2}
404	3	90600000		茶香渺渺，{0}道心清明，静心感悟天道。过往的修炼经历浮现脑海，经过一番感悟，{1}道心愈发坚定，于修炼大道上，略有收获！修为增加了：{2}
405	3	90800000		茶香渺渺，{0}道心清明，静心感悟天道。过往的修炼经历浮现脑海，经过一番感悟，{1}道心愈发坚定，于修炼大道上，略有收获！修为增加了：{2}
406	3	91000000		茶香渺渺，{0}道心清明，静心感悟天道。过往的修炼经历浮现脑海，经过一番感悟，{1}道心愈发坚定，于修炼大道上，略有收获！修为增加了：{2}
407	3	91200000		茶香渺渺，{0}道心清明，静心感悟天道。过往的修炼经历浮现脑海，经过一番感悟，{1}道心愈发坚定，于修炼大道上，略有收获！修为增加了：{2}
408	3	91400000		茶香渺渺，{0}道心清明，静心感悟天道。过往的修炼经历浮现脑海，经过一番感悟，{1}道心愈发坚定，于修炼大道上，略有收获！修为增加了：{2}
409	3	91600000		茶香渺渺，{0}道心清明，静心感悟天道。过往的修炼经历浮现脑海，经过一番感悟，{1}道心愈发坚定，于修炼大道上，略有收获！修为增加了：{2}
410	3	91800000		茶香渺渺，{0}道心清明，静心感悟天道。过往的修炼经历浮现脑海，经过一番感悟，{1}道心愈发坚定，于修炼大道上，略有收获！修为增加了：{2}
411	3	92000000		茶香渺渺，{0}道心清明，静心感悟天道。过往的修炼经历浮现脑海，经过一番感悟，{1}道心愈发坚定，于修炼大道上，略有收获！修为增加了：{2}
412	3	92200000		茶香渺渺，{0}道心清明，静心感悟天道。过往的修炼经历浮现脑海，经过一番感悟，{1}道心愈发坚定，于修炼大道上，略有收获！修为增加了：{2}
413	3	92400000		茶香渺渺，{0}道心清明，静心感悟天道。过往的修炼经历浮现脑海，经过一番感悟，{1}道心愈发坚定，于修炼大道上，略有收获！修为增加了：{2}
414	3	92600000		茶香渺渺，{0}道心清明，静心感悟天道。过往的修炼经历浮现脑海，经过一番感悟，{1}道心愈发坚定，于修炼大道上，略有收获！修为增加了：{2}
415	3	92800000		茶香渺渺，{0}道心清明，静心感悟天道。过往的修炼经历浮现脑海，经过一番感悟，{1}道心愈发坚定，于修炼大道上，略有收获！修为增加了：{2}
416	3	93000000		茶香渺渺，{0}道心清明，静心感悟天道。过往的修炼经历浮现脑海，经过一番感悟，{1}道心愈发坚定，于修炼大道上，略有收获！修为增加了：{2}
417	3	93200000		茶香渺渺，{0}道心清明，静心感悟天道。过往的修炼经历浮现脑海，经过一番感悟，{1}道心愈发坚定，于修炼大道上，略有收获！修为增加了：{2}
418	3	93400000		茶香渺渺，{0}道心清明，静心感悟天道。过往的修炼经历浮现脑海，经过一番感悟，{1}道心愈发坚定，于修炼大道上，略有收获！修为增加了：{2}
419	3	93600000		茶香渺渺，{0}道心清明，静心感悟天道。过往的修炼经历浮现脑海，经过一番感悟，{1}道心愈发坚定，于修炼大道上，略有收获！修为增加了：{2}
420	3	93800000	2987	茶香渺渺，{0}道心清明，静心感悟天道。过往的修炼经历浮现脑海，经过一番感悟，{1}道心愈发坚定，于修炼大道上，大有收获！修为增加了：{2}，同时领悟了一套新的修炼秘诀：《{3}》
421	3	94000000		茶香渺渺，{0}道心清明，静心感悟天道。过往的修炼经历浮现脑海，经过一番感悟，{1}道心愈发坚定，于修炼大道上，略有收获！修为增加了：{2}
422	3	94200000		茶香渺渺，{0}道心清明，静心感悟天道。过往的修炼经历浮现脑海，经过一番感悟，{1}道心愈发坚定，于修炼大道上，略有收获！修为增加了：{2}
423	3	94400000		茶香渺渺，{0}道心清明，静心感悟天道。过往的修炼经历浮现脑海，经过一番感悟，{1}道心愈发坚定，于修炼大道上，略有收获！修为增加了：{2}
424	3	94600000		茶香渺渺，{0}道心清明，静心感悟天道。过往的修炼经历浮现脑海，经过一番感悟，{1}道心愈发坚定，于修炼大道上，略有收获！修为增加了：{2}
425	3	94800000		茶香渺渺，{0}道心清明，静心感悟天道。过往的修炼经历浮现脑海，经过一番感悟，{1}道心愈发坚定，于修炼大道上，略有收获！修为增加了：{2}
426	3	95000000		茶香渺渺，{0}道心清明，静心感悟天道。过往的修炼经历浮现脑海，经过一番感悟，{1}道心愈发坚定，于修炼大道上，略有收获！修为增加了：{2}
427	3	95200000		茶香渺渺，{0}道心清明，静心感悟天道。过往的修炼经历浮现脑海，经过一番感悟，{1}道心愈发坚定，于修炼大道上，略有收获！修为增加了：{2}
428	3	95400000		茶香渺渺，{0}道心清明，静心感悟天道。过往的修炼经历浮现脑海，经过一番感悟，{1}道心愈发坚定，于修炼大道上，略有收获！修为增加了：{2}
429	3	95600000		茶香渺渺，{0}道心清明，静心感悟天道。过往的修炼经历浮现脑海，经过一番感悟，{1}道心愈发坚定，于修炼大道上，略有收获！修为增加了：{2}
430	3	95800000		茶香渺渺，{0}道心清明，静心感悟天道。过往的修炼经历浮现脑海，经过一番感悟，{1}道心愈发坚定，于修炼大道上，略有收获！修为增加了：{2}
431	3	96000000		茶香渺渺，{0}道心清明，静心感悟天道。过往的修炼经历浮现脑海，经过一番感悟，{1}道心愈发坚定，于修炼大道上，略有收获！修为增加了：{2}
432	3	96200000		茶香渺渺，{0}道心清明，静心感悟天道。过往的修炼经历浮现脑海，经过一番感悟，{1}道心愈发坚定，于修炼大道上，略有收获！修为增加了：{2}
433	3	96400000		茶香渺渺，{0}道心清明，静心感悟天道。过往的修炼经历浮现脑海，经过一番感悟，{1}道心愈发坚定，于修炼大道上，略有收获！修为增加了：{2}
434	3	96600000		茶香渺渺，{0}道心清明，静心感悟天道。过往的修炼经历浮现脑海，经过一番感悟，{1}道心愈发坚定，于修炼大道上，略有收获！修为增加了：{2}
435	3	96800000		茶香渺渺，{0}道心清明，静心感悟天道。过往的修炼经历浮现脑海，经过一番感悟，{1}道心愈发坚定，于修炼大道上，略有收获！修为增加了：{2}
436	3	97000000		茶香渺渺，{0}道心清明，静心感悟天道。过往的修炼经历浮现脑海，经过一番感悟，{1}道心愈发坚定，于修炼大道上，略有收获！修为增加了：{2}
437	3	97200000		茶香渺渺，{0}道心清明，静心感悟天道。过往的修炼经历浮现脑海，经过一番感悟，{1}道心愈发坚定，于修炼大道上，略有收获！修为增加了：{2}
438	3	97400000		茶香渺渺，{0}道心清明，静心感悟天道。过往的修炼经历浮现脑海，经过一番感悟，{1}道心愈发坚定，于修炼大道上，略有收获！修为增加了：{2}
439	3	97600000		茶香渺渺，{0}道心清明，静心感悟天道。过往的修炼经历浮现脑海，经过一番感悟，{1}道心愈发坚定，于修炼大道上，略有收获！修为增加了：{2}
440	3	97800000	2988	茶香渺渺，{0}道心清明，静心感悟天道。过往的修炼经历浮现脑海，经过一番感悟，{1}道心愈发坚定，于修炼大道上，大有收获！修为增加了：{2}，同时领悟了一套新的修炼秘诀：《{3}》
441	3	98000000		茶香渺渺，{0}道心清明，静心感悟天道。过往的修炼经历浮现脑海，经过一番感悟，{1}道心愈发坚定，于修炼大道上，略有收获！修为增加了：{2}
442	3	98200000		茶香渺渺，{0}道心清明，静心感悟天道。过往的修炼经历浮现脑海，经过一番感悟，{1}道心愈发坚定，于修炼大道上，略有收获！修为增加了：{2}
443	3	98400000		茶香渺渺，{0}道心清明，静心感悟天道。过往的修炼经历浮现脑海，经过一番感悟，{1}道心愈发坚定，于修炼大道上，略有收获！修为增加了：{2}
444	3	98600000		茶香渺渺，{0}道心清明，静心感悟天道。过往的修炼经历浮现脑海，经过一番感悟，{1}道心愈发坚定，于修炼大道上，略有收获！修为增加了：{2}
445	3	98800000		茶香渺渺，{0}道心清明，静心感悟天道。过往的修炼经历浮现脑海，经过一番感悟，{1}道心愈发坚定，于修炼大道上，略有收获！修为增加了：{2}
446	3	99000000		茶香渺渺，{0}道心清明，静心感悟天道。过往的修炼经历浮现脑海，经过一番感悟，{1}道心愈发坚定，于修炼大道上，略有收获！修为增加了：{2}
447	3	99200000		茶香渺渺，{0}道心清明，静心感悟天道。过往的修炼经历浮现脑海，经过一番感悟，{1}道心愈发坚定，于修炼大道上，略有收获！修为增加了：{2}
448	3	99400000		茶香渺渺，{0}道心清明，静心感悟天道。过往的修炼经历浮现脑海，经过一番感悟，{1}道心愈发坚定，于修炼大道上，略有收获！修为增加了：{2}
449	3	99600000		茶香渺渺，{0}道心清明，静心感悟天道。过往的修炼经历浮现脑海，经过一番感悟，{1}道心愈发坚定，于修炼大道上，略有收获！修为增加了：{2}
450	3	99800000		茶香渺渺，{0}道心清明，静心感悟天道。过往的修炼经历浮现脑海，经过一番感悟，{1}道心愈发坚定，于修炼大道上，略有收获！修为增加了：{2}
451	3	100000000		茶香渺渺，{0}道心清明，静心感悟天道。过往的修炼经历浮现脑海，经过一番感悟，{1}道心愈发坚定，于修炼大道上，略有收获！修为增加了：{2}
452	3	100200000		茶香渺渺，{0}道心清明，静心感悟天道。过往的修炼经历浮现脑海，经过一番感悟，{1}道心愈发坚定，于修炼大道上，略有收获！修为增加了：{2}
453	3	100400000		茶香渺渺，{0}道心清明，静心感悟天道。过往的修炼经历浮现脑海，经过一番感悟，{1}道心愈发坚定，于修炼大道上，略有收获！修为增加了：{2}
454	3	100600000		茶香渺渺，{0}道心清明，静心感悟天道。过往的修炼经历浮现脑海，经过一番感悟，{1}道心愈发坚定，于修炼大道上，略有收获！修为增加了：{2}
455	3	100800000		茶香渺渺，{0}道心清明，静心感悟天道。过往的修炼经历浮现脑海，经过一番感悟，{1}道心愈发坚定，于修炼大道上，略有收获！修为增加了：{2}
456	3	101000000		茶香渺渺，{0}道心清明，静心感悟天道。过往的修炼经历浮现脑海，经过一番感悟，{1}道心愈发坚定，于修炼大道上，略有收获！修为增加了：{2}
457	3	101200000		茶香渺渺，{0}道心清明，静心感悟天道。过往的修炼经历浮现脑海，经过一番感悟，{1}道心愈发坚定，于修炼大道上，略有收获！修为增加了：{2}
458	3	101400000		茶香渺渺，{0}道心清明，静心感悟天道。过往的修炼经历浮现脑海，经过一番感悟，{1}道心愈发坚定，于修炼大道上，略有收获！修为增加了：{2}
459	3	101600000		茶香渺渺，{0}道心清明，静心感悟天道。过往的修炼经历浮现脑海，经过一番感悟，{1}道心愈发坚定，于修炼大道上，略有收获！修为增加了：{2}
460	3	101800000	2989	茶香渺渺，{0}道心清明，静心感悟天道。过往的修炼经历浮现脑海，经过一番感悟，{1}道心愈发坚定，于修炼大道上，大有收获！修为增加了：{2}，同时领悟了一套新的修炼秘诀：《{3}》
461	3	102000000		茶香渺渺，{0}道心清明，静心感悟天道。过往的修炼经历浮现脑海，经过一番感悟，{1}道心愈发坚定，于修炼大道上，略有收获！修为增加了：{2}
462	3	102200000		茶香渺渺，{0}道心清明，静心感悟天道。过往的修炼经历浮现脑海，经过一番感悟，{1}道心愈发坚定，于修炼大道上，略有收获！修为增加了：{2}
463	3	102400000		茶香渺渺，{0}道心清明，静心感悟天道。过往的修炼经历浮现脑海，经过一番感悟，{1}道心愈发坚定，于修炼大道上，略有收获！修为增加了：{2}
464	3	102600000		茶香渺渺，{0}道心清明，静心感悟天道。过往的修炼经历浮现脑海，经过一番感悟，{1}道心愈发坚定，于修炼大道上，略有收获！修为增加了：{2}
465	3	102800000		茶香渺渺，{0}道心清明，静心感悟天道。过往的修炼经历浮现脑海，经过一番感悟，{1}道心愈发坚定，于修炼大道上，略有收获！修为增加了：{2}
466	3	103000000		茶香渺渺，{0}道心清明，静心感悟天道。过往的修炼经历浮现脑海，经过一番感悟，{1}道心愈发坚定，于修炼大道上，略有收获！修为增加了：{2}
467	3	103200000		茶香渺渺，{0}道心清明，静心感悟天道。过往的修炼经历浮现脑海，经过一番感悟，{1}道心愈发坚定，于修炼大道上，略有收获！修为增加了：{2}
468	3	103400000		茶香渺渺，{0}道心清明，静心感悟天道。过往的修炼经历浮现脑海，经过一番感悟，{1}道心愈发坚定，于修炼大道上，略有收获！修为增加了：{2}
469	3	103600000		茶香渺渺，{0}道心清明，静心感悟天道。过往的修炼经历浮现脑海，经过一番感悟，{1}道心愈发坚定，于修炼大道上，略有收获！修为增加了：{2}
470	3	103800000		茶香渺渺，{0}道心清明，静心感悟天道。过往的修炼经历浮现脑海，经过一番感悟，{1}道心愈发坚定，于修炼大道上，略有收获！修为增加了：{2}
471	3	104000000		茶香渺渺，{0}道心清明，静心感悟天道。过往的修炼经历浮现脑海，经过一番感悟，{1}道心愈发坚定，于修炼大道上，略有收获！修为增加了：{2}
472	3	104200000		茶香渺渺，{0}道心清明，静心感悟天道。过往的修炼经历浮现脑海，经过一番感悟，{1}道心愈发坚定，于修炼大道上，略有收获！修为增加了：{2}
473	3	104400000		茶香渺渺，{0}道心清明，静心感悟天道。过往的修炼经历浮现脑海，经过一番感悟，{1}道心愈发坚定，于修炼大道上，略有收获！修为增加了：{2}
474	3	104600000		茶香渺渺，{0}道心清明，静心感悟天道。过往的修炼经历浮现脑海，经过一番感悟，{1}道心愈发坚定，于修炼大道上，略有收获！修为增加了：{2}
475	3	104800000		茶香渺渺，{0}道心清明，静心感悟天道。过往的修炼经历浮现脑海，经过一番感悟，{1}道心愈发坚定，于修炼大道上，略有收获！修为增加了：{2}
476	3	105000000		茶香渺渺，{0}道心清明，静心感悟天道。过往的修炼经历浮现脑海，经过一番感悟，{1}道心愈发坚定，于修炼大道上，略有收获！修为增加了：{2}
477	3	105200000		茶香渺渺，{0}道心清明，静心感悟天道。过往的修炼经历浮现脑海，经过一番感悟，{1}道心愈发坚定，于修炼大道上，略有收获！修为增加了：{2}
478	3	105400000		茶香渺渺，{0}道心清明，静心感悟天道。过往的修炼经历浮现脑海，经过一番感悟，{1}道心愈发坚定，于修炼大道上，略有收获！修为增加了：{2}
479	3	105600000		茶香渺渺，{0}道心清明，静心感悟天道。过往的修炼经历浮现脑海，经过一番感悟，{1}道心愈发坚定，于修炼大道上，略有收获！修为增加了：{2}
480	3	105800000	2990	茶香渺渺，{0}道心清明，静心感悟天道。过往的修炼经历浮现脑海，经过一番感悟，{1}道心愈发坚定，于修炼大道上，大有收获！修为增加了：{2}，同时领悟了一套新的修炼秘诀：《{3}》
481	3	106000000		茶香渺渺，{0}道心清明，静心感悟天道。过往的修炼经历浮现脑海，经过一番感悟，{1}道心愈发坚定，于修炼大道上，略有收获！修为增加了：{2}
482	3	106200000		茶香渺渺，{0}道心清明，静心感悟天道。过往的修炼经历浮现脑海，经过一番感悟，{1}道心愈发坚定，于修炼大道上，略有收获！修为增加了：{2}
483	3	106400000		茶香渺渺，{0}道心清明，静心感悟天道。过往的修炼经历浮现脑海，经过一番感悟，{1}道心愈发坚定，于修炼大道上，略有收获！修为增加了：{2}
484	3	106600000		茶香渺渺，{0}道心清明，静心感悟天道。过往的修炼经历浮现脑海，经过一番感悟，{1}道心愈发坚定，于修炼大道上，略有收获！修为增加了：{2}
485	3	106800000		茶香渺渺，{0}道心清明，静心感悟天道。过往的修炼经历浮现脑海，经过一番感悟，{1}道心愈发坚定，于修炼大道上，略有收获！修为增加了：{2}
486	3	107000000		茶香渺渺，{0}道心清明，静心感悟天道。过往的修炼经历浮现脑海，经过一番感悟，{1}道心愈发坚定，于修炼大道上，略有收获！修为增加了：{2}
487	3	107200000		茶香渺渺，{0}道心清明，静心感悟天道。过往的修炼经历浮现脑海，经过一番感悟，{1}道心愈发坚定，于修炼大道上，略有收获！修为增加了：{2}
488	3	107400000		茶香渺渺，{0}道心清明，静心感悟天道。过往的修炼经历浮现脑海，经过一番感悟，{1}道心愈发坚定，于修炼大道上，略有收获！修为增加了：{2}
489	3	107600000		茶香渺渺，{0}道心清明，静心感悟天道。过往的修炼经历浮现脑海，经过一番感悟，{1}道心愈发坚定，于修炼大道上，略有收获！修为增加了：{2}
490	3	107800000		茶香渺渺，{0}道心清明，静心感悟天道。过往的修炼经历浮现脑海，经过一番感悟，{1}道心愈发坚定，于修炼大道上，略有收获！修为增加了：{2}
491	3	108000000		茶香渺渺，{0}道心清明，静心感悟天道。过往的修炼经历浮现脑海，经过一番感悟，{1}道心愈发坚定，于修炼大道上，略有收获！修为增加了：{2}
492	3	108200000		茶香渺渺，{0}道心清明，静心感悟天道。过往的修炼经历浮现脑海，经过一番感悟，{1}道心愈发坚定，于修炼大道上，略有收获！修为增加了：{2}
493	3	108400000		茶香渺渺，{0}道心清明，静心感悟天道。过往的修炼经历浮现脑海，经过一番感悟，{1}道心愈发坚定，于修炼大道上，略有收获！修为增加了：{2}
494	3	108600000		茶香渺渺，{0}道心清明，静心感悟天道。过往的修炼经历浮现脑海，经过一番感悟，{1}道心愈发坚定，于修炼大道上，略有收获！修为增加了：{2}
495	3	108800000		茶香渺渺，{0}道心清明，静心感悟天道。过往的修炼经历浮现脑海，经过一番感悟，{1}道心愈发坚定，于修炼大道上，略有收获！修为增加了：{2}
496	3	109000000		茶香渺渺，{0}道心清明，静心感悟天道。过往的修炼经历浮现脑海，经过一番感悟，{1}道心愈发坚定，于修炼大道上，略有收获！修为增加了：{2}
497	3	109200000		茶香渺渺，{0}道心清明，静心感悟天道。过往的修炼经历浮现脑海，经过一番感悟，{1}道心愈发坚定，于修炼大道上，略有收获！修为增加了：{2}
498	3	109400000		茶香渺渺，{0}道心清明，静心感悟天道。过往的修炼经历浮现脑海，经过一番感悟，{1}道心愈发坚定，于修炼大道上，略有收获！修为增加了：{2}
499	3	109600000		茶香渺渺，{0}道心清明，静心感悟天道。过往的修炼经历浮现脑海，经过一番感悟，{1}道心愈发坚定，于修炼大道上，略有收获！修为增加了：{2}
500	3	109800000	2991	茶香渺渺，{0}道心清明，静心感悟天道。过往的修炼经历浮现脑海，经过一番感悟，{1}道心愈发坚定，于修炼大道上，大有收获！修为增加了：{2}，同时领悟了一套新的修炼秘诀：《{3}》
501	3	110000000		茶香渺渺，{0}道心清明，静心感悟天道。过往的修炼经历浮现脑海，经过一番感悟，{1}道心愈发坚定，于修炼大道上，略有收获！修为增加了：{2}
502	3	110200000		茶香渺渺，{0}道心清明，静心感悟天道。过往的修炼经历浮现脑海，经过一番感悟，{1}道心愈发坚定，于修炼大道上，略有收获！修为增加了：{2}
503	3	110400000		茶香渺渺，{0}道心清明，静心感悟天道。过往的修炼经历浮现脑海，经过一番感悟，{1}道心愈发坚定，于修炼大道上，略有收获！修为增加了：{2}
504	3	110600000		茶香渺渺，{0}道心清明，静心感悟天道。过往的修炼经历浮现脑海，经过一番感悟，{1}道心愈发坚定，于修炼大道上，略有收获！修为增加了：{2}
505	3	110800000		茶香渺渺，{0}道心清明，静心感悟天道。过往的修炼经历浮现脑海，经过一番感悟，{1}道心愈发坚定，于修炼大道上，略有收获！修为增加了：{2}
506	3	111000000		茶香渺渺，{0}道心清明，静心感悟天道。过往的修炼经历浮现脑海，经过一番感悟，{1}道心愈发坚定，于修炼大道上，略有收获！修为增加了：{2}
507	3	111200000		茶香渺渺，{0}道心清明，静心感悟天道。过往的修炼经历浮现脑海，经过一番感悟，{1}道心愈发坚定，于修炼大道上，略有收获！修为增加了：{2}
508	3	111400000		茶香渺渺，{0}道心清明，静心感悟天道。过往的修炼经历浮现脑海，经过一番感悟，{1}道心愈发坚定，于修炼大道上，略有收获！修为增加了：{2}
509	3	111600000		茶香渺渺，{0}道心清明，静心感悟天道。过往的修炼经历浮现脑海，经过一番感悟，{1}道心愈发坚定，于修炼大道上，略有收获！修为增加了：{2}
510	3	111800000		茶香渺渺，{0}道心清明，静心感悟天道。过往的修炼经历浮现脑海，经过一番感悟，{1}道心愈发坚定，于修炼大道上，略有收获！修为增加了：{2}
511	3	112000000		茶香渺渺，{0}道心清明，静心感悟天道。过往的修炼经历浮现脑海，经过一番感悟，{1}道心愈发坚定，于修炼大道上，略有收获！修为增加了：{2}
512	3	112200000		茶香渺渺，{0}道心清明，静心感悟天道。过往的修炼经历浮现脑海，经过一番感悟，{1}道心愈发坚定，于修炼大道上，略有收获！修为增加了：{2}
513	3	112400000		茶香渺渺，{0}道心清明，静心感悟天道。过往的修炼经历浮现脑海，经过一番感悟，{1}道心愈发坚定，于修炼大道上，略有收获！修为增加了：{2}
514	3	112600000		茶香渺渺，{0}道心清明，静心感悟天道。过往的修炼经历浮现脑海，经过一番感悟，{1}道心愈发坚定，于修炼大道上，略有收获！修为增加了：{2}
515	3	112800000		茶香渺渺，{0}道心清明，静心感悟天道。过往的修炼经历浮现脑海，经过一番感悟，{1}道心愈发坚定，于修炼大道上，略有收获！修为增加了：{2}
516	3	113000000		茶香渺渺，{0}道心清明，静心感悟天道。过往的修炼经历浮现脑海，经过一番感悟，{1}道心愈发坚定，于修炼大道上，略有收获！修为增加了：{2}
517	3	113200000		茶香渺渺，{0}道心清明，静心感悟天道。过往的修炼经历浮现脑海，经过一番感悟，{1}道心愈发坚定，于修炼大道上，略有收获！修为增加了：{2}
518	3	113400000		茶香渺渺，{0}道心清明，静心感悟天道。过往的修炼经历浮现脑海，经过一番感悟，{1}道心愈发坚定，于修炼大道上，略有收获！修为增加了：{2}
519	3	113600000		茶香渺渺，{0}道心清明，静心感悟天道。过往的修炼经历浮现脑海，经过一番感悟，{1}道心愈发坚定，于修炼大道上，略有收获！修为增加了：{2}
520	3	113800000	2992	茶香渺渺，{0}道心清明，静心感悟天道。过往的修炼经历浮现脑海，经过一番感悟，{1}道心愈发坚定，于修炼大道上，大有收获！修为增加了：{2}，同时领悟了一套新的修炼秘诀：《{3}》
521	3	114000000		茶香渺渺，{0}道心清明，静心感悟天道。过往的修炼经历浮现脑海，经过一番感悟，{1}道心愈发坚定，于修炼大道上，略有收获！修为增加了：{2}
522	3	114200000		茶香渺渺，{0}道心清明，静心感悟天道。过往的修炼经历浮现脑海，经过一番感悟，{1}道心愈发坚定，于修炼大道上，略有收获！修为增加了：{2}
523	3	114400000		茶香渺渺，{0}道心清明，静心感悟天道。过往的修炼经历浮现脑海，经过一番感悟，{1}道心愈发坚定，于修炼大道上，略有收获！修为增加了：{2}
524	3	114600000		茶香渺渺，{0}道心清明，静心感悟天道。过往的修炼经历浮现脑海，经过一番感悟，{1}道心愈发坚定，于修炼大道上，略有收获！修为增加了：{2}
525	3	114800000		茶香渺渺，{0}道心清明，静心感悟天道。过往的修炼经历浮现脑海，经过一番感悟，{1}道心愈发坚定，于修炼大道上，略有收获！修为增加了：{2}
526	3	115000000		茶香渺渺，{0}道心清明，静心感悟天道。过往的修炼经历浮现脑海，经过一番感悟，{1}道心愈发坚定，于修炼大道上，略有收获！修为增加了：{2}
527	3	115200000		茶香渺渺，{0}道心清明，静心感悟天道。过往的修炼经历浮现脑海，经过一番感悟，{1}道心愈发坚定，于修炼大道上，略有收获！修为增加了：{2}
528	3	115400000		茶香渺渺，{0}道心清明，静心感悟天道。过往的修炼经历浮现脑海，经过一番感悟，{1}道心愈发坚定，于修炼大道上，略有收获！修为增加了：{2}
529	3	115600000		茶香渺渺，{0}道心清明，静心感悟天道。过往的修炼经历浮现脑海，经过一番感悟，{1}道心愈发坚定，于修炼大道上，略有收获！修为增加了：{2}
530	3	115800000		茶香渺渺，{0}道心清明，静心感悟天道。过往的修炼经历浮现脑海，经过一番感悟，{1}道心愈发坚定，于修炼大道上，略有收获！修为增加了：{2}
531	3	116000000		茶香渺渺，{0}道心清明，静心感悟天道。过往的修炼经历浮现脑海，经过一番感悟，{1}道心愈发坚定，于修炼大道上，略有收获！修为增加了：{2}
532	3	116200000		茶香渺渺，{0}道心清明，静心感悟天道。过往的修炼经历浮现脑海，经过一番感悟，{1}道心愈发坚定，于修炼大道上，略有收获！修为增加了：{2}
533	3	116400000		茶香渺渺，{0}道心清明，静心感悟天道。过往的修炼经历浮现脑海，经过一番感悟，{1}道心愈发坚定，于修炼大道上，略有收获！修为增加了：{2}
534	3	116600000		茶香渺渺，{0}道心清明，静心感悟天道。过往的修炼经历浮现脑海，经过一番感悟，{1}道心愈发坚定，于修炼大道上，略有收获！修为增加了：{2}
535	3	116800000		茶香渺渺，{0}道心清明，静心感悟天道。过往的修炼经历浮现脑海，经过一番感悟，{1}道心愈发坚定，于修炼大道上，略有收获！修为增加了：{2}
536	3	117000000		茶香渺渺，{0}道心清明，静心感悟天道。过往的修炼经历浮现脑海，经过一番感悟，{1}道心愈发坚定，于修炼大道上，略有收获！修为增加了：{2}
537	3	117200000		茶香渺渺，{0}道心清明，静心感悟天道。过往的修炼经历浮现脑海，经过一番感悟，{1}道心愈发坚定，于修炼大道上，略有收获！修为增加了：{2}
538	3	117400000		茶香渺渺，{0}道心清明，静心感悟天道。过往的修炼经历浮现脑海，经过一番感悟，{1}道心愈发坚定，于修炼大道上，略有收获！修为增加了：{2}
539	3	117600000		茶香渺渺，{0}道心清明，静心感悟天道。过往的修炼经历浮现脑海，经过一番感悟，{1}道心愈发坚定，于修炼大道上，略有收获！修为增加了：{2}
540	3	117800000	2993	茶香渺渺，{0}道心清明，静心感悟天道。过往的修炼经历浮现脑海，经过一番感悟，{1}道心愈发坚定，于修炼大道上，大有收获！修为增加了：{2}，同时领悟了一套新的修炼秘诀：《{3}》
541	4	118000000		茶香渺渺，{0}道心清明，静心感悟天道。过往的修炼经历浮现脑海，经过一番感悟，{1}道心愈发坚定，于修炼大道上，略有收获！修为增加了：{2}
542	4	118200000		茶香渺渺，{0}道心清明，静心感悟天道。过往的修炼经历浮现脑海，经过一番感悟，{1}道心愈发坚定，于修炼大道上，略有收获！修为增加了：{2}
543	4	118400000		茶香渺渺，{0}道心清明，静心感悟天道。过往的修炼经历浮现脑海，经过一番感悟，{1}道心愈发坚定，于修炼大道上，略有收获！修为增加了：{2}
544	4	118600000		茶香渺渺，{0}道心清明，静心感悟天道。过往的修炼经历浮现脑海，经过一番感悟，{1}道心愈发坚定，于修炼大道上，略有收获！修为增加了：{2}
545	4	118800000		茶香渺渺，{0}道心清明，静心感悟天道。过往的修炼经历浮现脑海，经过一番感悟，{1}道心愈发坚定，于修炼大道上，略有收获！修为增加了：{2}
546	4	119000000		茶香渺渺，{0}道心清明，静心感悟天道。过往的修炼经历浮现脑海，经过一番感悟，{1}道心愈发坚定，于修炼大道上，略有收获！修为增加了：{2}
547	4	119200000		茶香渺渺，{0}道心清明，静心感悟天道。过往的修炼经历浮现脑海，经过一番感悟，{1}道心愈发坚定，于修炼大道上，略有收获！修为增加了：{2}
548	4	119400000		茶香渺渺，{0}道心清明，静心感悟天道。过往的修炼经历浮现脑海，经过一番感悟，{1}道心愈发坚定，于修炼大道上，略有收获！修为增加了：{2}
549	4	119600000		茶香渺渺，{0}道心清明，静心感悟天道。过往的修炼经历浮现脑海，经过一番感悟，{1}道心愈发坚定，于修炼大道上，略有收获！修为增加了：{2}
550	4	119800000		茶香渺渺，{0}道心清明，静心感悟天道。过往的修炼经历浮现脑海，经过一番感悟，{1}道心愈发坚定，于修炼大道上，略有收获！修为增加了：{2}
551	4	120000000		茶香渺渺，{0}道心清明，静心感悟天道。过往的修炼经历浮现脑海，经过一番感悟，{1}道心愈发坚定，于修炼大道上，略有收获！修为增加了：{2}
552	4	120200000		茶香渺渺，{0}道心清明，静心感悟天道。过往的修炼经历浮现脑海，经过一番感悟，{1}道心愈发坚定，于修炼大道上，略有收获！修为增加了：{2}
553	4	120400000		茶香渺渺，{0}道心清明，静心感悟天道。过往的修炼经历浮现脑海，经过一番感悟，{1}道心愈发坚定，于修炼大道上，略有收获！修为增加了：{2}
554	4	120600000		茶香渺渺，{0}道心清明，静心感悟天道。过往的修炼经历浮现脑海，经过一番感悟，{1}道心愈发坚定，于修炼大道上，略有收获！修为增加了：{2}
555	4	120800000		茶香渺渺，{0}道心清明，静心感悟天道。过往的修炼经历浮现脑海，经过一番感悟，{1}道心愈发坚定，于修炼大道上，略有收获！修为增加了：{2}
556	4	121000000		茶香渺渺，{0}道心清明，静心感悟天道。过往的修炼经历浮现脑海，经过一番感悟，{1}道心愈发坚定，于修炼大道上，略有收获！修为增加了：{2}
557	4	121200000		茶香渺渺，{0}道心清明，静心感悟天道。过往的修炼经历浮现脑海，经过一番感悟，{1}道心愈发坚定，于修炼大道上，略有收获！修为增加了：{2}
558	4	121400000		茶香渺渺，{0}道心清明，静心感悟天道。过往的修炼经历浮现脑海，经过一番感悟，{1}道心愈发坚定，于修炼大道上，略有收获！修为增加了：{2}
559	4	121600000		茶香渺渺，{0}道心清明，静心感悟天道。过往的修炼经历浮现脑海，经过一番感悟，{1}道心愈发坚定，于修炼大道上，略有收获！修为增加了：{2}
560	4	121800000	2994	茶香渺渺，{0}道心清明，静心感悟天道。过往的修炼经历浮现脑海，经过一番感悟，{1}道心愈发坚定，于修炼大道上，大有收获！修为增加了：{2}，同时领悟了一套新的修炼秘诀：《{3}》
561	4	122000000		茶香渺渺，{0}道心清明，静心感悟天道。过往的修炼经历浮现脑海，经过一番感悟，{1}道心愈发坚定，于修炼大道上，略有收获！修为增加了：{2}
562	4	122200000		茶香渺渺，{0}道心清明，静心感悟天道。过往的修炼经历浮现脑海，经过一番感悟，{1}道心愈发坚定，于修炼大道上，略有收获！修为增加了：{2}
563	4	122400000		茶香渺渺，{0}道心清明，静心感悟天道。过往的修炼经历浮现脑海，经过一番感悟，{1}道心愈发坚定，于修炼大道上，略有收获！修为增加了：{2}
564	4	122600000		茶香渺渺，{0}道心清明，静心感悟天道。过往的修炼经历浮现脑海，经过一番感悟，{1}道心愈发坚定，于修炼大道上，略有收获！修为增加了：{2}
565	4	122800000		茶香渺渺，{0}道心清明，静心感悟天道。过往的修炼经历浮现脑海，经过一番感悟，{1}道心愈发坚定，于修炼大道上，略有收获！修为增加了：{2}
566	4	123000000		茶香渺渺，{0}道心清明，静心感悟天道。过往的修炼经历浮现脑海，经过一番感悟，{1}道心愈发坚定，于修炼大道上，略有收获！修为增加了：{2}
567	4	123200000		茶香渺渺，{0}道心清明，静心感悟天道。过往的修炼经历浮现脑海，经过一番感悟，{1}道心愈发坚定，于修炼大道上，略有收获！修为增加了：{2}
568	4	123400000		茶香渺渺，{0}道心清明，静心感悟天道。过往的修炼经历浮现脑海，经过一番感悟，{1}道心愈发坚定，于修炼大道上，略有收获！修为增加了：{2}
569	4	123600000		茶香渺渺，{0}道心清明，静心感悟天道。过往的修炼经历浮现脑海，经过一番感悟，{1}道心愈发坚定，于修炼大道上，略有收获！修为增加了：{2}
570	4	123800000		茶香渺渺，{0}道心清明，静心感悟天道。过往的修炼经历浮现脑海，经过一番感悟，{1}道心愈发坚定，于修炼大道上，略有收获！修为增加了：{2}
571	4	124000000		茶香渺渺，{0}道心清明，静心感悟天道。过往的修炼经历浮现脑海，经过一番感悟，{1}道心愈发坚定，于修炼大道上，略有收获！修为增加了：{2}
572	4	124200000		茶香渺渺，{0}道心清明，静心感悟天道。过往的修炼经历浮现脑海，经过一番感悟，{1}道心愈发坚定，于修炼大道上，略有收获！修为增加了：{2}
573	4	124400000		茶香渺渺，{0}道心清明，静心感悟天道。过往的修炼经历浮现脑海，经过一番感悟，{1}道心愈发坚定，于修炼大道上，略有收获！修为增加了：{2}
574	4	124600000		茶香渺渺，{0}道心清明，静心感悟天道。过往的修炼经历浮现脑海，经过一番感悟，{1}道心愈发坚定，于修炼大道上，略有收获！修为增加了：{2}
575	4	124800000		茶香渺渺，{0}道心清明，静心感悟天道。过往的修炼经历浮现脑海，经过一番感悟，{1}道心愈发坚定，于修炼大道上，略有收获！修为增加了：{2}
576	4	125000000		茶香渺渺，{0}道心清明，静心感悟天道。过往的修炼经历浮现脑海，经过一番感悟，{1}道心愈发坚定，于修炼大道上，略有收获！修为增加了：{2}
577	4	125200000		茶香渺渺，{0}道心清明，静心感悟天道。过往的修炼经历浮现脑海，经过一番感悟，{1}道心愈发坚定，于修炼大道上，略有收获！修为增加了：{2}
578	4	125400000		茶香渺渺，{0}道心清明，静心感悟天道。过往的修炼经历浮现脑海，经过一番感悟，{1}道心愈发坚定，于修炼大道上，略有收获！修为增加了：{2}
579	4	125600000		茶香渺渺，{0}道心清明，静心感悟天道。过往的修炼经历浮现脑海，经过一番感悟，{1}道心愈发坚定，于修炼大道上，略有收获！修为增加了：{2}
580	4	125800000	2995	茶香渺渺，{0}道心清明，静心感悟天道。过往的修炼经历浮现脑海，经过一番感悟，{1}道心愈发坚定，于修炼大道上，大有收获！修为增加了：{2}，同时领悟了一套新的修炼秘诀：《{3}》
581	4	126000000		茶香渺渺，{0}道心清明，静心感悟天道。过往的修炼经历浮现脑海，经过一番感悟，{1}道心愈发坚定，于修炼大道上，略有收获！修为增加了：{2}
582	4	126200000		茶香渺渺，{0}道心清明，静心感悟天道。过往的修炼经历浮现脑海，经过一番感悟，{1}道心愈发坚定，于修炼大道上，略有收获！修为增加了：{2}
583	4	126400000		茶香渺渺，{0}道心清明，静心感悟天道。过往的修炼经历浮现脑海，经过一番感悟，{1}道心愈发坚定，于修炼大道上，略有收获！修为增加了：{2}
584	4	126600000		茶香渺渺，{0}道心清明，静心感悟天道。过往的修炼经历浮现脑海，经过一番感悟，{1}道心愈发坚定，于修炼大道上，略有收获！修为增加了：{2}
585	4	126800000		茶香渺渺，{0}道心清明，静心感悟天道。过往的修炼经历浮现脑海，经过一番感悟，{1}道心愈发坚定，于修炼大道上，略有收获！修为增加了：{2}
586	4	127000000		茶香渺渺，{0}道心清明，静心感悟天道。过往的修炼经历浮现脑海，经过一番感悟，{1}道心愈发坚定，于修炼大道上，略有收获！修为增加了：{2}
587	4	127200000		茶香渺渺，{0}道心清明，静心感悟天道。过往的修炼经历浮现脑海，经过一番感悟，{1}道心愈发坚定，于修炼大道上，略有收获！修为增加了：{2}
588	4	127400000		茶香渺渺，{0}道心清明，静心感悟天道。过往的修炼经历浮现脑海，经过一番感悟，{1}道心愈发坚定，于修炼大道上，略有收获！修为增加了：{2}
589	4	127600000		茶香渺渺，{0}道心清明，静心感悟天道。过往的修炼经历浮现脑海，经过一番感悟，{1}道心愈发坚定，于修炼大道上，略有收获！修为增加了：{2}
590	4	127800000		茶香渺渺，{0}道心清明，静心感悟天道。过往的修炼经历浮现脑海，经过一番感悟，{1}道心愈发坚定，于修炼大道上，略有收获！修为增加了：{2}
591	4	128000000		茶香渺渺，{0}道心清明，静心感悟天道。过往的修炼经历浮现脑海，经过一番感悟，{1}道心愈发坚定，于修炼大道上，略有收获！修为增加了：{2}
592	4	128200000		茶香渺渺，{0}道心清明，静心感悟天道。过往的修炼经历浮现脑海，经过一番感悟，{1}道心愈发坚定，于修炼大道上，略有收获！修为增加了：{2}
593	4	128400000		茶香渺渺，{0}道心清明，静心感悟天道。过往的修炼经历浮现脑海，经过一番感悟，{1}道心愈发坚定，于修炼大道上，略有收获！修为增加了：{2}
594	4	128600000		茶香渺渺，{0}道心清明，静心感悟天道。过往的修炼经历浮现脑海，经过一番感悟，{1}道心愈发坚定，于修炼大道上，略有收获！修为增加了：{2}
595	4	128800000		茶香渺渺，{0}道心清明，静心感悟天道。过往的修炼经历浮现脑海，经过一番感悟，{1}道心愈发坚定，于修炼大道上，略有收获！修为增加了：{2}
596	4	129000000		茶香渺渺，{0}道心清明，静心感悟天道。过往的修炼经历浮现脑海，经过一番感悟，{1}道心愈发坚定，于修炼大道上，略有收获！修为增加了：{2}
597	4	129200000		茶香渺渺，{0}道心清明，静心感悟天道。过往的修炼经历浮现脑海，经过一番感悟，{1}道心愈发坚定，于修炼大道上，略有收获！修为增加了：{2}
598	4	129400000		茶香渺渺，{0}道心清明，静心感悟天道。过往的修炼经历浮现脑海，经过一番感悟，{1}道心愈发坚定，于修炼大道上，略有收获！修为增加了：{2}
599	4	129600000		茶香渺渺，{0}道心清明，静心感悟天道。过往的修炼经历浮现脑海，经过一番感悟，{1}道心愈发坚定，于修炼大道上，略有收获！修为增加了：{2}
600	4	129800000	2996	茶香渺渺，{0}道心清明，静心感悟天道。过往的修炼经历浮现脑海，经过一番感悟，{1}道心愈发坚定，于修炼大道上，大有收获！修为增加了：{2}，同时领悟了一套新的修炼秘诀：《{3}》
601	4	130000000		茶香渺渺，{0}道心清明，静心感悟天道。过往的修炼经历浮现脑海，经过一番感悟，{1}道心愈发坚定，于修炼大道上，略有收获！修为增加了：{2}
602	4	130200000		茶香渺渺，{0}道心清明，静心感悟天道。过往的修炼经历浮现脑海，经过一番感悟，{1}道心愈发坚定，于修炼大道上，略有收获！修为增加了：{2}
603	4	130400000		茶香渺渺，{0}道心清明，静心感悟天道。过往的修炼经历浮现脑海，经过一番感悟，{1}道心愈发坚定，于修炼大道上，略有收获！修为增加了：{2}
604	4	130600000		茶香渺渺，{0}道心清明，静心感悟天道。过往的修炼经历浮现脑海，经过一番感悟，{1}道心愈发坚定，于修炼大道上，略有收获！修为增加了：{2}
605	4	130800000		茶香渺渺，{0}道心清明，静心感悟天道。过往的修炼经历浮现脑海，经过一番感悟，{1}道心愈发坚定，于修炼大道上，略有收获！修为增加了：{2}
606	4	131000000		茶香渺渺，{0}道心清明，静心感悟天道。过往的修炼经历浮现脑海，经过一番感悟，{1}道心愈发坚定，于修炼大道上，略有收获！修为增加了：{2}
607	4	131200000		茶香渺渺，{0}道心清明，静心感悟天道。过往的修炼经历浮现脑海，经过一番感悟，{1}道心愈发坚定，于修炼大道上，略有收获！修为增加了：{2}
608	4	131400000		茶香渺渺，{0}道心清明，静心感悟天道。过往的修炼经历浮现脑海，经过一番感悟，{1}道心愈发坚定，于修炼大道上，略有收获！修为增加了：{2}
609	4	131600000		茶香渺渺，{0}道心清明，静心感悟天道。过往的修炼经历浮现脑海，经过一番感悟，{1}道心愈发坚定，于修炼大道上，略有收获！修为增加了：{2}
610	4	131800000		茶香渺渺，{0}道心清明，静心感悟天道。过往的修炼经历浮现脑海，经过一番感悟，{1}道心愈发坚定，于修炼大道上，略有收获！修为增加了：{2}
611	4	132000000		茶香渺渺，{0}道心清明，静心感悟天道。过往的修炼经历浮现脑海，经过一番感悟，{1}道心愈发坚定，于修炼大道上，略有收获！修为增加了：{2}
612	4	132200000		茶香渺渺，{0}道心清明，静心感悟天道。过往的修炼经历浮现脑海，经过一番感悟，{1}道心愈发坚定，于修炼大道上，略有收获！修为增加了：{2}
613	4	132400000		茶香渺渺，{0}道心清明，静心感悟天道。过往的修炼经历浮现脑海，经过一番感悟，{1}道心愈发坚定，于修炼大道上，略有收获！修为增加了：{2}
614	4	132600000		茶香渺渺，{0}道心清明，静心感悟天道。过往的修炼经历浮现脑海，经过一番感悟，{1}道心愈发坚定，于修炼大道上，略有收获！修为增加了：{2}
615	4	132800000		茶香渺渺，{0}道心清明，静心感悟天道。过往的修炼经历浮现脑海，经过一番感悟，{1}道心愈发坚定，于修炼大道上，略有收获！修为增加了：{2}
616	4	133000000		茶香渺渺，{0}道心清明，静心感悟天道。过往的修炼经历浮现脑海，经过一番感悟，{1}道心愈发坚定，于修炼大道上，略有收获！修为增加了：{2}
617	4	133200000		茶香渺渺，{0}道心清明，静心感悟天道。过往的修炼经历浮现脑海，经过一番感悟，{1}道心愈发坚定，于修炼大道上，略有收获！修为增加了：{2}
618	4	133400000		茶香渺渺，{0}道心清明，静心感悟天道。过往的修炼经历浮现脑海，经过一番感悟，{1}道心愈发坚定，于修炼大道上，略有收获！修为增加了：{2}
619	4	133600000		茶香渺渺，{0}道心清明，静心感悟天道。过往的修炼经历浮现脑海，经过一番感悟，{1}道心愈发坚定，于修炼大道上，略有收获！修为增加了：{2}
620	4	133800000	2997	茶香渺渺，{0}道心清明，静心感悟天道。过往的修炼经历浮现脑海，经过一番感悟，{1}道心愈发坚定，于修炼大道上，大有收获！修为增加了：{2}，同时领悟了一套新的修炼秘诀：《{3}》
621	4	134000000		茶香渺渺，{0}道心清明，静心感悟天道。过往的修炼经历浮现脑海，经过一番感悟，{1}道心愈发坚定，于修炼大道上，略有收获！修为增加了：{2}
622	4	134200000		茶香渺渺，{0}道心清明，静心感悟天道。过往的修炼经历浮现脑海，经过一番感悟，{1}道心愈发坚定，于修炼大道上，略有收获！修为增加了：{2}
623	4	134400000		茶香渺渺，{0}道心清明，静心感悟天道。过往的修炼经历浮现脑海，经过一番感悟，{1}道心愈发坚定，于修炼大道上，略有收获！修为增加了：{2}
624	4	134600000		茶香渺渺，{0}道心清明，静心感悟天道。过往的修炼经历浮现脑海，经过一番感悟，{1}道心愈发坚定，于修炼大道上，略有收获！修为增加了：{2}
625	4	134800000		茶香渺渺，{0}道心清明，静心感悟天道。过往的修炼经历浮现脑海，经过一番感悟，{1}道心愈发坚定，于修炼大道上，略有收获！修为增加了：{2}
626	4	135000000		茶香渺渺，{0}道心清明，静心感悟天道。过往的修炼经历浮现脑海，经过一番感悟，{1}道心愈发坚定，于修炼大道上，略有收获！修为增加了：{2}
627	4	135200000		茶香渺渺，{0}道心清明，静心感悟天道。过往的修炼经历浮现脑海，经过一番感悟，{1}道心愈发坚定，于修炼大道上，略有收获！修为增加了：{2}
628	4	135400000		茶香渺渺，{0}道心清明，静心感悟天道。过往的修炼经历浮现脑海，经过一番感悟，{1}道心愈发坚定，于修炼大道上，略有收获！修为增加了：{2}
629	4	135600000		茶香渺渺，{0}道心清明，静心感悟天道。过往的修炼经历浮现脑海，经过一番感悟，{1}道心愈发坚定，于修炼大道上，略有收获！修为增加了：{2}
630	4	135800000		茶香渺渺，{0}道心清明，静心感悟天道。过往的修炼经历浮现脑海，经过一番感悟，{1}道心愈发坚定，于修炼大道上，略有收获！修为增加了：{2}
631	4	136000000		茶香渺渺，{0}道心清明，静心感悟天道。过往的修炼经历浮现脑海，经过一番感悟，{1}道心愈发坚定，于修炼大道上，略有收获！修为增加了：{2}
632	4	136200000		茶香渺渺，{0}道心清明，静心感悟天道。过往的修炼经历浮现脑海，经过一番感悟，{1}道心愈发坚定，于修炼大道上，略有收获！修为增加了：{2}
633	4	136400000		茶香渺渺，{0}道心清明，静心感悟天道。过往的修炼经历浮现脑海，经过一番感悟，{1}道心愈发坚定，于修炼大道上，略有收获！修为增加了：{2}
634	4	136600000		茶香渺渺，{0}道心清明，静心感悟天道。过往的修炼经历浮现脑海，经过一番感悟，{1}道心愈发坚定，于修炼大道上，略有收获！修为增加了：{2}
635	4	136800000		茶香渺渺，{0}道心清明，静心感悟天道。过往的修炼经历浮现脑海，经过一番感悟，{1}道心愈发坚定，于修炼大道上，略有收获！修为增加了：{2}
636	4	137000000		茶香渺渺，{0}道心清明，静心感悟天道。过往的修炼经历浮现脑海，经过一番感悟，{1}道心愈发坚定，于修炼大道上，略有收获！修为增加了：{2}
637	4	137200000		茶香渺渺，{0}道心清明，静心感悟天道。过往的修炼经历浮现脑海，经过一番感悟，{1}道心愈发坚定，于修炼大道上，略有收获！修为增加了：{2}
638	4	137400000		茶香渺渺，{0}道心清明，静心感悟天道。过往的修炼经历浮现脑海，经过一番感悟，{1}道心愈发坚定，于修炼大道上，略有收获！修为增加了：{2}
639	4	137600000		茶香渺渺，{0}道心清明，静心感悟天道。过往的修炼经历浮现脑海，经过一番感悟，{1}道心愈发坚定，于修炼大道上，略有收获！修为增加了：{2}
640	4	137800000	2998	茶香渺渺，{0}道心清明，静心感悟天道。过往的修炼经历浮现脑海，经过一番感悟，{1}道心愈发坚定，于修炼大道上，大有收获！修为增加了：{2}，同时领悟了一套新的修炼秘诀：《{3}》
